0.06595173522937547,0.9870148209539065,2.9756891402038215,2.518756854499561,1.0
0.06595173522937547,0.9870148209539065,2.9756891402038215,2.518756854499561,1.0
0.06595173522937547,0.9870148209539065,2.9756891402038215,2.518756854499561,1.0
0.06595173522937547,0.9870148209539065,2.9756891402038215,2.518756854499561,1.0
0.06595173522937547,0.9870148209539065,2.9756891402038215,2.518756854499561,1.0
0.06595173522937547,0.9870148209539065,2.9756891402038215,2.518756854499561,1.0
0.06595173522937547,0.9870148209539065,2.9756891402038215,2.518756854499561,1.0
0.06595173522937547,0.9870148209539065,2.9756891402038215,2.518756854499561,1.0
0.06595173522937547,0.9870148209539065,2.9756891402038215,2.518756854499561,1.0
0.06595173522937547,0.9870148209539065,2.9756891402038215,2.518756854499561,1.0
0.06595173522937547,0.9870148209539065,2.9756891402038215,2.518756854499561,1.0
0.06595173522937547,0.9870148209539065,2.9756891402038215,2.518756854499561,1.0
0.06595173522937547,0.9870148209539065,2.9756891402038215,2.518756854499561,1.0
0.06595173522937547,0.9870148209539065,2.9756891402038215,2.518756854499561,1.0
0.06595173522937547,0.9870148209539065,2.9756891402038215,2.518756854499561,1.0
0.06595173522937547,0.9870148209539065,2.9756891402038215,2.518756854499561,1.0
0.06595173522937547,0.9870148209539065,2.9756891402038215,2.518756854499561,1.0
0.06595173522937547,0.9870148209539065,2.9756891402038215,2.518756854499561,1.0
0.06595173522937547,0.9870148209539065,2.9756891402038215,2.518756854499561,1.0
0.06595173522937547,0.9870148209539065,2.9756891402038215,2.518756854499561,1.0
0.06595173522937547,0.9870148209539065,2.9756891402038215,2.518756854499561,1.0
0.06595173522937547,0.9870148209539065,2.9756891402038215,2.518756854499561,1.0
0.06595173522937547,0.9870148209539065,2.9756891402038215,2.518756854499561,1.0
0.06595173522937547,0.9870148209539065,2.9756891402038215,2.518756854499561,1.0
0.06595173522937547,0.9870148209539065,2.9756891402038215,2.518756854499561,1.0
0.06595173522937547,0.9870148209539065,2.9756891402038215,2.518756854499561,1.0
0.06595173522937547,0.9870148209539065,2.9756891402038215,2.518756854499561,1.0
0.06595173522937547,0.9870148209539065,2.9756891402038215,2.518756854499561,1.0
0.06595173522937547,0.9870148209539065,2.9756891402038215,2.518756854499561,1.0
0.06595173522937547,0.9870148209539065,2.9756891402038215,2.518756854499561,1.0
0.06595173522937547,0.9870148209539065,2.9756891402038215,2.518756854499561,1.0
0.06595173522937547,0.9870148209539065,2.9756891402038215,2.518756854499561,1.0
0.06595173522937547,0.9870148209539065,2.9756891402038215,2.518756854499561,1.0
0.06595173522937547,0.9870148209539065,2.9756891402038215,2.518756854499561,1.0
0.06595173522937547,0.9870148209539065,2.9756891402038215,2.518756854499561,1.0
0.06595173522937547,0.9870148209539065,2.9756891402038215,2.518756854499561,1.0
0.06595173522937547,0.9870148209539065,2.9756891402038215,2.518756854499561,1.0
0.06595173522937547,0.9870148209539065,2.9756891402038215,2.518756854499561,1.0
0.06595173522937547,0.9870148209539065,2.9756891402038215,2.518756854499561,1.0
0.06595173522937547,0.9870148209539065,2.9756891402038215,2.518756854499561,1.0
0.06595173522937547,0.9870148209539065,2.9756891402038215,2.518756854499561,1.0
0.06595173522937547,0.9870148209539065,2.667033784665356,2.4530131975671026,1.0
0.06595173522937547,0.9870148209539065,2.667033784665356,2.383160562076366,1.0
-0.0955148235475467,0.9870148209539065,1.7057928202741348,2.038006363180962,1.0
-0.14933700980652098,0.9870148209539065,1.520599606951056,1.9229549635491607,1.0
-0.20315919606549504,0.9870148209539065,1.3530438425158886,1.8941921136412103,1.0
-0.2569813823244691,0.9870148209539065,1.0620259358653357,1.7298329713100653,1.0
-0.47227012736036555,0.9870148209539065,0.33889053146093095,1.4545314079053977,1.0
-0.687558872396262,0.9870148209539065,-0.03149589518522755,1.3148261369239247,1.0
-0.633736686137288,0.9870148209539065,-0.0932269662929206,1.2942812441325315,1.0
-0.687558872396262,0.9870148209539065,-0.11968313962478927,1.2696273727828598,1.0
-0.7413810586552361,0.9870148209539065,-0.13732058851270135,1.2696273727828598,1.0
-0.7413810586552361,0.9870148209539065,-0.16377676184457002,1.2696273727828598,2.0
1.0347510878909099,1.3508805948725513,0.14487859369389544,1.2490824799914666,3.0
0.5503514115601427,1.396363816612382,0.012597727034553086,1.2490824799914666,3.0
7.6,7.6,7.6,7.6,3.0
2.757061048178082,1.7147463687911966,0.4711713981202732,1.2038837158504019,3.0
1.5729729504806509,0.9870148209539065,1.194306802524678,1.2038837158504019,1.0
1.5729729504806509,1.0324980426937371,1.194306802524678,1.1833388230590087,3.0
1.5191507642216768,0.9870148209539065,1.194306802524678,1.1627939302676156,1.0
1.5191507642216768,0.9870148209539065,1.194306802524678,1.06006946631065,1.0
1.4653285779627028,0.9870148209539065,0.9385637936499495,0.8340756456053259,1.0
1.4653285779627028,0.9870148209539065,0.7180956825510456,0.7149152674152459,1.0
1.4653285779627028,0.9870148209539065,0.629908438111484,0.669716503274181,1.0
1.5729729504806509,0.9870148209539065,0.400621602568624,0.5176842966178722,1.0
1.5729729504806509,0.9870148209539065,0.33889053146093095,0.5012483823847574,1.0
1.5729729504806509,0.9870148209539065,0.33889053146093095,0.48892144670992177,1.0
1.5729729504806509,0.9870148209539065,0.10960369591807073,0.37797902563639896,1.0
1.5729729504806509,0.9415315992140758,0.10960369591807073,0.36565208996156306,3.0
1.6806173229985992,1.0324980426937371,0.07432879814224613,0.36565208996156306,3.0
1.626795136739625,0.9415315992140758,0.07432879814224613,0.36565208996156306,3.0
1.7344395092575735,0.9415315992140758,-0.013858446297315252,0.3163443472622196,3.0
1.7882616955165473,0.9415315992140758,-0.013858446297315252,0.3163443472622196,3.0
1.8420838817755216,0.9870148209539065,-0.03149589518522755,0.3040174115873837,1.0
1.9497282542934697,0.9870148209539065,-0.05795206851709622,0.2916904759125478,1.0
1.9497282542934697,0.9415315992140758,-0.0755895174050083,0.2916904759125478,3.0
1.9497282542934697,0.9415315992140758,-0.0755895174050083,0.2793635402377119,3.0
2.003550440552444,0.9870148209539065,-0.0932269662929206,0.2793635402377119,1.0
1.3038620191857804,1.0324980426937371,0.7180956825510456,0.2793635402377119,3.0
1.2500398329268063,0.9870148209539065,1.9086234824851265,0.02871584818271622,1.0
1.2500398329268063,0.9870148209539065,1.7057928202741348,-0.008264958841791348,1.0
1.2500398329268063,0.9870148209539065,1.7057928202741348,-0.07811759433252785,1.0
1.2500398329268063,0.9870148209539065,1.194306802524678,-0.25480367233850854,1.0
1.3038620191857804,0.9870148209539065,1.0620259358653357,-0.3410922220623598,1.0
1.3038620191857804,0.9870148209539065,0.9385637936499495,-0.4109448575530963,1.0
1.3038620191857804,0.9870148209539065,0.7180956825510456,-0.5054513643935048,1.0
-0.14933700980652098,7.6,7.6,-0.7150092708657141,3.0
2.541772303142185,2.0786121427098414,4.10448586903021,3.1597575095910257,3.0
1.2500398329268063,0.9870148209539065,2.9756891402038215,2.769404546554557,1.0
1.2500398329268063,0.9870148209539065,2.9756891402038215,2.7324237395300486,1.0
1.2500398329268063,0.9870148209539065,2.9756891402038215,2.6954429325055416,1.0
1.2500398329268063,0.9870148209539065,2.667033784665356,2.6255902970148046,1.0
1.2500398329268063,0.9870148209539065,2.667033784665356,2.588609489990297,1.0
1.2500398329268063,0.9870148209539065,2.137910318027987,2.383160562076366,1.0
1.2500398329268063,0.9870148209539065,2.137910318027987,2.317416905143908,1.0
1.2500398329268063,0.9870148209539065,1.9086234824851265,2.255782226769729,1.0
1.196217646667832,1.0324980426937371,1.0620259358653357,1.8407753923835883,3.0
1.142395460408858,0.9870148209539065,0.629908438111484,1.6517623787027715,1.0
1.088573274149884,0.9870148209539065,0.1889722159136763,1.429877536555726,1.0
1.088573274149884,0.9870148209539065,0.039053900366421646,1.3600249010649896,1.0
1.0347510878909099,0.9870148209539065,0.012597727034553086,1.3600249010649896,1.0
1.196217646667832,0.9415315992140758,1.3530438425158886,1.2490824799914666,3.0
1.2500398329268063,0.9870148209539065,1.7057928202741348,1.1627939302676156,1.0
1.3038620191857804,0.9870148209539065,1.9086234824851265,1.0806143591020432,1.0
1.2500398329268063,0.9415315992140758,1.9086234824851265,0.9655629594702418,3.0
1.3038620191857804,0.9870148209539065,1.9086234824851265,0.9655629594702418,1.0
1.3038620191857804,0.9870148209539065,1.9086234824851265,0.9450180666788488,1.0
1.3038620191857804,0.9870148209539065,1.7057928202741348,0.7683319886728679,1.0
1.3038620191857804,0.9415315992140758,1.7057928202741348,0.7313511816483603,3.0
1.3576842054447544,0.9870148209539065,1.520599606951056,0.669716503274181,1.0
1.4115063917037287,0.9870148209539065,0.9385637936499495,0.3286712829370555,1.0
1.5729729504806509,0.9870148209539065,0.23306583813345705,-0.045245765866298804,1.0
1.5729729504806509,0.9870148209539065,0.14487859369389544,-0.08633555144908533,1.0
1.5729729504806509,0.8960483774742452,0.10960369591807073,-0.10277146568219964,3.0
1.6806173229985992,0.9870148209539065,0.10960369591807073,-0.10277146568219964,1.0
1.6806173229985992,0.9870148209539065,0.07432879814224613,-0.11098942279875712,1.0
1.7882616955165473,0.9415315992140758,-0.013858446297315252,-0.1520792083815432,3.0
1.8420838817755216,0.9870148209539065,-0.03149589518522755,-0.16029716549810047,1.0
1.8959060680344955,0.9870148209539065,-0.05795206851709622,-0.17262410117293636,1.0
1.8959060680344955,0.9415315992140758,-0.0755895174050083,-0.1808420582894934,3.0
1.8959060680344955,0.8960483774742452,-0.1108644151808329,-0.19727797252260793,3.0
1.3038620191857804,0.9870148209539065,1.194306802524678,-0.19727797252260793,1.0
1.3038620191857804,0.9870148209539065,1.194306802524678,-0.2465857152219515,1.0
1.3038620191857804,0.9870148209539065,1.194306802524678,-0.3041114150378519,1.0
1.3038620191857804,0.9870148209539065,1.0620259358653357,-0.32876528638752367,1.0
1.3038620191857804,0.9870148209539065,0.9385637936499495,-0.40683587899481766,1.0
1.3038620191857804,0.9870148209539065,0.7180956825510456,-0.480797493043833,1.0
1.3576842054447544,0.9870148209539065,0.5417211936719224,-0.567086042767684,1.0
1.2500398329268063,0.9415315992140758,0.5417211936719224,-0.567086042767684,3.0
1.3038620191857804,0.9870148209539065,0.5417211936719224,-0.567086042767684,1.0
1.3576842054447544,0.9870148209539065,0.5417211936719224,-0.567086042767684,1.0
1.3038620191857804,0.9870148209539065,0.5417211936719224,-0.567086042767684,1.0
1.3038620191857804,0.9415315992140758,0.5417211936719224,-0.567086042767684,3.0
-1.0104919899501068,7.6,7.6,1.4052236652060541,3.0
-0.47227012736036555,7.6,7.6,1.1011592518934363,3.0
7.6,2.487961138368317,0.5417211936719224,7.6,3.0
7.6,0.9870148209539065,0.5417211936719224,7.6,1.0
7.6,0.9870148209539065,0.5417211936719224,7.6,1.0
7.6,0.9415315992140758,0.5417211936719224,7.6,3.0
7.6,0.9870148209539065,0.5417211936719224,7.6,1.0
7.6,0.9870148209539065,0.5417211936719224,7.6,1.0
7.6,0.9415315992140758,0.5417211936719224,7.6,3.0
7.6,0.9870148209539065,0.5417211936719224,7.6,1.0
7.6,0.9870148209539065,0.5417211936719224,7.6,1.0
7.6,0.9870148209539065,0.5417211936719224,7.6,1.0
7.6,0.9870148209539065,0.5417211936719224,7.6,1.0
7.6,0.9870148209539065,0.5417211936719224,7.6,1.0
7.6,0.9870148209539065,0.5417211936719224,7.6,1.0
7.6,0.9870148209539065,0.5417211936719224,7.6,1.0
7.6,0.9870148209539065,0.5417211936719224,7.6,1.0
7.6,-0.33199860950118154,0.4711713981202732,7.6,3.0
-1.0104919899501068,0.7141154905149227,0.8239203758785194,1.1217041446848293,3.0
0.1735961077473237,0.8960483774742452,1.520599606951056,1.1217041446848293,3.0
0.38888485278322016,0.9415315992140758,1.9086234824851265,1.1217041446848293,3.0
0.44270703904219444,0.9415315992140758,2.137910318027987,1.1217041446848293,3.0
0.5503514115601427,0.9870148209539065,2.137910318027987,0.8710564526298334,1.0
0.4965292253011685,0.9415315992140758,2.137910318027987,0.7518960744397535,3.0
0.4965292253011685,0.9870148209539065,2.137910318027987,0.7313511816483603,1.0
0.38888485278322016,0.9870148209539065,1.520599606951056,0.47248553247680725,1.0
0.38888485278322016,0.9870148209539065,1.3530438425158886,0.41906881121918504,1.0
0.38888485278322016,0.9870148209539065,1.3530438425158886,0.39030596131123485,1.0
0.28124048026527193,0.9870148209539065,1.0620259358653357,0.2793635402377119,1.0
0.22741829400629798,0.9870148209539065,1.0620259358653357,0.23005579753836858,1.0
0.1735961077473237,0.9870148209539065,0.9385637936499495,0.18485703339730386,1.0
0.06595173522937547,0.9870148209539065,0.629908438111484,0.057478698090666525,1.0
-0.04169263728857264,0.9415315992140758,0.4711713981202732,-0.03291883019146291,3.0
-0.04169263728857264,1.0324980426937371,0.33889053146093095,-0.08633555144908533,3.0
-0.20315919606549504,0.9870148209539065,0.23306583813345705,-0.13564329414842868,1.0
-0.36462575484241744,0.9870148209539065,0.07432879814224613,-0.19727797252260793,1.0
-0.5260923136193396,1.0324980426937371,-0.1108644151808329,-0.26713060801334443,3.0
-0.5799144998783139,0.9870148209539065,-0.11968313962478927,-0.2712395865716233,1.0
-0.633736686137288,0.9870148209539065,-0.14613931295665772,-0.2794575436881803,1.0
-0.633736686137288,0.9870148209539065,-0.15495803740061387,-0.2876755008047376,1.0
7.6,-2.560676474752882,-0.17259548628852595,7.6,3.0
7.6,-4.243555679126615,-0.17259548628852595,7.6,3.0
1.6806173229985992,-6.1083677704596715,-0.17259548628852595,2.769404546554557,2.0
1.6806173229985992,-6.1083677704596715,-0.17259548628852595,2.769404546554557,2.0
1.6806173229985992,-6.1083677704596715,-0.17259548628852595,2.769404546554557,2.0
1.6806173229985992,-6.1083677704596715,-0.17259548628852595,2.769404546554557,2.0
1.6806173229985992,-6.01740132698001,-0.17259548628852595,2.769404546554557,2.0
1.6806173229985992,0.3502497165962777,-0.18141421073248232,2.769404546554557,2.0
1.5729729504806509,0.9415315992140758,1.3530438425158886,2.7324237395300486,3.0
1.626795136739625,0.9415315992140758,1.9086234824851265,2.6255902970148046,3.0
1.7344395092575735,0.9870148209539065,2.137910318027987,2.383160562076366,1.0
1.7344395092575735,0.9870148209539065,2.137910318027987,2.317416905143908,1.0
1.8420838817755216,0.9870148209539065,1.7057928202741348,2.1284038914630923,1.0
1.8959060680344955,0.9870148209539065,1.520599606951056,1.9517178134571105,1.0
1.8959060680344955,0.9870148209539065,1.3530438425158886,1.86542926373326,1.0
2.003550440552444,0.9870148209539065,0.4711713981202732,1.4545314079053977,1.0
2.057372626811418,0.9870148209539065,0.400621602568624,1.4052236652060541,1.0
2.057372626811418,1.0779812644335676,0.1889722159136763,1.3148261369239247,3.0
1.9497282542934697,1.0324980426937371,0.14487859369389544,1.3148261369239247,3.0
1.8959060680344955,1.0324980426937371,0.14487859369389544,1.3148261369239247,3.0
1.626795136739625,0.9870148209539065,0.012597727034553086,1.2490824799914666,1.0
1.626795136739625,1.6237799253115353,-0.11968313962478927,1.2285375872000737,3.0
0.9809289016319357,1.805712812270858,-0.0755895174050083,1.2285375872000737,3.0
0.012129548970401527,0.3502497165962777,0.07432879814224613,1.2285375872000737,3.0
1.196217646667832,0.8960483774742452,0.8239203758785194,1.2285375872000737,3.0
1.3576842054447544,1.0324980426937371,1.3530438425158886,1.1627939302676156,3.0
1.3038620191857804,0.9870148209539065,1.7057928202741348,1.1011592518934363,1.0
1.3038620191857804,0.9870148209539065,1.7057928202741348,0.9819988737033563,1.0
1.3038620191857804,0.9870148209539065,1.7057928202741348,0.9285821524457343,1.0
1.3576842054447544,0.9870148209539065,1.520599606951056,0.7847679029059826,1.0
1.3576842054447544,0.9870148209539065,0.8239203758785194,0.3286712829370555,1.0
1.4653285779627028,0.9870148209539065,0.2771594603532378,0.09035052655689557,1.0
1.4653285779627028,0.9870148209539065,0.14487859369389544,0.020497891066158958,1.0
1.4653285779627028,0.9870148209539065,0.07432879814224613,-0.01648291595834861,1.0
1.4115063917037287,0.9870148209539065,-0.03149589518522755,-0.06989963721597059,1.0
1.4653285779627028,0.9870148209539065,-0.0932269662929206,-0.09455350856564237,1.0
1.5191507642216768,0.9415315992140758,-0.16377676184457002,-0.13564329414842868,2.0
1.5191507642216768,1.0324980426937371,0.8239203758785194,-0.40683587899481766,3.0
1.5191507642216768,0.9870148209539065,0.8239203758785194,-0.44381668601932533,1.0
1.626795136739625,1.0324980426937371,0.5417211936719224,-0.5383231928597334,3.0
1.5191507642216768,0.9415315992140758,0.5417211936719224,-0.5383231928597334,3.0
1.6806173229985992,1.0779812644335676,0.5417211936719224,-0.5342142143014548,3.0
1.5729729504806509,0.9870148209539065,0.5417211936719224,-0.5342142143014548,1.0
1.5729729504806509,0.9870148209539065,0.5417211936719224,-0.5342142143014548,1.0
1.5729729504806509,0.9870148209539065,0.5417211936719224,-0.5342142143014548,1.0
7.6,2.3969946948886562,0.5417211936719224,7.6,3.0
7.6,1.0324980426937371,0.5417211936719224,7.6,3.0
7.6,1.0324980426937371,0.5417211936719224,7.6,3.0
7.6,0.9870148209539065,0.5417211936719224,7.6,1.0
7.6,0.9870148209539065,0.5417211936719224,7.6,1.0
7.6,0.9870148209539065,0.5417211936719224,7.6,1.0
7.6,0.9870148209539065,0.5417211936719224,7.6,1.0
7.6,0.9870148209539065,0.5417211936719224,7.6,1.0
7.6,0.9870148209539065,0.5417211936719224,7.6,1.0
7.6,0.9870148209539065,0.5417211936719224,7.6,1.0
7.6,1.0324980426937371,0.5417211936719224,7.6,3.0
7.6,0.9870148209539065,0.5417211936719224,7.6,1.0
7.6,0.9870148209539065,0.5417211936719224,7.6,1.0
7.6,0.9870148209539065,0.5417211936719224,7.6,1.0
7.6,0.9870148209539065,0.5417211936719224,7.6,1.0
7.6,0.9870148209539065,0.5417211936719224,7.6,1.0
7.6,0.9415315992140758,0.5417211936719224,7.6,3.0
7.6,0.9870148209539065,0.5417211936719224,7.6,1.0
7.6,0.9870148209539065,0.5417211936719224,7.6,1.0
7.6,0.9870148209539065,0.5417211936719224,7.6,1.0
7.6,1.0324980426937371,0.5417211936719224,7.6,3.0
7.6,0.9870148209539065,0.5417211936719224,7.6,1.0
7.6,0.9870148209539065,0.5417211936719224,7.6,1.0
7.6,0.9870148209539065,0.5417211936719224,7.6,1.0
7.6,2.7153772470674697,0.629908438111484,7.6,3.0
2.1650169993293664,1.1234644861733982,1.7057928202741348,1.2490824799914666,3.0
1.7882616955165473,1.0779812644335676,2.137910318027987,1.2038837158504019,3.0
1.7344395092575735,1.0779812644335676,2.393653326902715,1.2285375872000737,3.0
1.5191507642216768,0.9870148209539065,2.667033784665356,1.1833388230590087,1.0
1.4115063917037287,0.9870148209539065,2.667033784665356,1.0806143591020432,1.0
1.4115063917037287,0.9870148209539065,2.393653326902715,0.7847679029059826,1.0
1.4115063917037287,0.9870148209539065,2.137910318027987,0.6984793531821314,1.0
1.3576842054447544,0.9870148209539065,2.137910318027987,0.6532805890410667,1.0
1.3576842054447544,0.9870148209539065,1.520599606951056,0.41906881121918504,1.0
1.3576842054447544,0.9870148209539065,1.194306802524678,0.21772886186353269,1.0
1.4115063917037287,0.9870148209539065,1.0620259358653357,0.1643121406059107,1.0
1.4115063917037287,0.9870148209539065,0.9385637936499495,0.13965826925623892,1.0
1.4115063917037287,0.9415315992140758,0.629908438111484,-0.03291883019146291,3.0
1.4653285779627028,1.0324980426937371,0.33889053146093095,-0.1685151226146575,3.0
1.4653285779627028,0.9415315992140758,0.039053900366421646,-0.3000024364795735,3.0
1.5191507642216768,0.9870148209539065,0.012597727034553086,-0.31232937215440937,1.0
1.5191507642216768,0.9415315992140758,-0.013858446297315252,-0.32465630782924504,3.0
1.626795136739625,0.9870148209539065,-0.05795206851709622,-0.3452012006206382,1.0
1.626795136739625,0.9870148209539065,-0.0755895174050083,-0.35341915773719546,1.0
1.626795136739625,0.9870148209539065,-0.1108644151808329,-0.3657460934120311,1.0
1.5729729504806509,0.9415315992140758,-0.13732058851270135,-0.3821820076451461,3.0
1.626795136739625,0.9870148209539065,-0.13732058851270135,-0.3821820076451461,1.0
3.349105097026797,4.307290007961543,-0.18141421073248232,2.843366160603572,2.0
1.088573274149884,0.8960483774742452,0.629908438111484,2.843366160603572,3.0
1.196217646667832,1.0324980426937371,0.8239203758785194,2.843366160603572,3.0
1.142395460408858,0.9870148209539065,1.7057928202741348,2.662571104039313,1.0
1.142395460408858,0.9870148209539065,1.7057928202741348,2.6255902970148046,1.0
1.088573274149884,0.9870148209539065,1.7057928202741348,2.518756854499561,1.0
1.088573274149884,0.9870148209539065,1.520599606951056,2.420141369100874,1.0
1.088573274149884,0.9870148209539065,1.520599606951056,2.350288733610137,1.0
1.088573274149884,0.9870148209539065,1.3530438425158886,2.2886540552359578,1.0
0.9809289016319357,0.9870148209539065,0.1889722159136763,1.6517623787027715,1.0
0.8732845291139875,0.9870148209539065,0.10960369591807073,1.6271085073531,1.0
0.7118179703370651,0.9870148209539065,0.039053900366421646,1.6024546360034282,1.0
0.7118179703370651,1.0779812644335676,-0.03149589518522755,1.5736917860954778,3.0
0.6041735978191167,1.0324980426937371,-0.03149589518522755,1.549037914745806,3.0
0.3350626665242462,0.9870148209539065,-0.05795206851709622,1.549037914745806,1.0
0.3350626665242462,1.0324980426937371,-0.0755895174050083,1.549037914745806,3.0
0.28124048026527193,3.079243020986115,-0.20787038406435077,1.549037914745806,2.0
0.9809289016319357,1.0324980426937371,1.7057928202741348,1.5243840433961344,3.0
0.9271067153729615,0.9870148209539065,2.137910318027987,1.5243840433961344,1.0
0.8732845291139875,0.9870148209539065,2.667033784665356,1.4052236652060541,1.0
0.8732845291139875,0.9870148209539065,2.9756891402038215,1.3846787724146612,1.0
0.7656401565960391,0.9870148209539065,2.9756891402038215,1.0025437664947494,1.0
0.7118179703370651,0.9870148209539065,2.9756891402038215,0.9285821524457343,1.0
0.7118179703370651,0.9870148209539065,2.9756891402038215,0.8546205383967189,1.0
0.7118179703370651,0.9870148209539065,2.667033784665356,0.7313511816483603,1.0
0.6579957840780909,0.9870148209539065,2.393653326902715,0.6204087605748377,1.0
0.6041735978191167,0.9870148209539065,2.393653326902715,0.5012483823847574,1.0
0.5503514115601427,0.9870148209539065,2.137910318027987,0.44372268256885683,1.0
0.44270703904219444,0.9870148209539065,1.7057928202741348,0.21772886186353269,1.0
0.3350626665242462,0.9870148209539065,1.520599606951056,0.11911337646484577,1.0
0.1735961077473237,0.9870148209539065,1.0620259358653357,-0.06989963721597059,1.0
-0.0955148235475467,0.9870148209539065,0.7180956825510456,-0.21782286531400086,1.0
-0.36462575484241744,0.9870148209539065,0.4711713981202732,-0.32465630782924504,1.0
-0.47227012736036555,0.9870148209539065,0.400621602568624,-0.3657460934120311,1.0
7.6,0.9415315992140758,-0.05795206851709622,7.6,3.0
7.6,0.9870148209539065,-0.05795206851709622,7.6,1.0
7.6,1.0324980426937371,-0.1108644151808329,7.6,3.0
7.6,0.9870148209539065,-0.13732058851270135,7.6,1.0
7.6,-4.380005344346107,-0.16377676184457002,7.6,3.0
3.0261719794729522,5.080504777538663,-0.18141421073248232,-0.5629770642094052,2.0
0.9271067153729615,1.0324980426937371,0.5417211936719224,-0.567086042767684,3.0
0.9271067153729615,0.9870148209539065,0.5417211936719224,-0.5342142143014548,1.0
0.9271067153729615,0.9870148209539065,0.5417211936719224,-0.5342142143014548,1.0
0.9271067153729615,0.9870148209539065,0.5417211936719224,-0.5342142143014548,1.0
0.8732845291139875,0.9870148209539065,0.5417211936719224,-0.5342142143014548,1.0
2.9723497932139784,7.6,7.6,1.2696273727828598,3.0
7.6,2.3515114731488254,0.5417211936719224,7.6,3.0
7.6,0.9870148209539065,0.5417211936719224,7.6,1.0
7.6,1.0324980426937371,0.5417211936719224,7.6,3.0
7.6,0.9870148209539065,0.5417211936719224,7.6,1.0
7.6,0.9870148209539065,0.5417211936719224,7.6,1.0
7.6,0.9870148209539065,0.5417211936719224,7.6,1.0
7.6,0.9870148209539065,0.5417211936719224,7.6,1.0
7.6,0.9870148209539065,0.5417211936719224,7.6,1.0
7.6,0.9870148209539065,0.5417211936719224,7.6,1.0
7.6,0.9870148209539065,0.5417211936719224,7.6,1.0
7.6,0.9870148209539065,0.5417211936719224,7.6,1.0
7.6,0.9870148209539065,0.5417211936719224,7.6,1.0
7.6,0.9870148209539065,0.5417211936719224,7.6,1.0
7.6,0.9870148209539065,0.5417211936719224,7.6,1.0
7.6,0.9870148209539065,0.5417211936719224,7.6,1.0
7.6,0.9870148209539065,0.5417211936719224,7.6,1.0
7.6,0.9870148209539065,0.5417211936719224,7.6,1.0
7.6,0.9870148209539065,0.5417211936719224,7.6,1.0
7.6,0.9870148209539065,0.5417211936719224,7.6,1.0
7.6,0.9870148209539065,0.5417211936719224,7.6,1.0
7.6,0.9870148209539065,0.5417211936719224,7.6,1.0
7.6,1.0324980426937371,0.5417211936719224,7.6,3.0
7.6,0.304766494856447,0.5417211936719224,7.6,3.0
-0.4184479411013915,0.8050819339945839,0.9385637936499495,1.2038837158504019,3.0
0.3350626665242462,0.8960483774742452,1.520599606951056,1.2038837158504019,3.0
0.7118179703370651,0.9415315992140758,2.137910318027987,1.1833388230590087,3.0
0.7656401565960391,0.9870148209539065,2.137910318027987,1.1833388230590087,1.0
0.7118179703370651,1.0324980426937371,0.7180956825510456,0.25470966888804036,3.0
0.6579957840780909,0.9870148209539065,0.629908438111484,0.24238273321320447,1.0
0.6041735978191167,0.9870148209539065,0.33889053146093095,0.09856848367345272,1.0
0.44270703904219444,0.9870148209539065,-0.05795206851709622,-0.09455350856564237,1.0
0.44270703904219444,0.9870148209539065,-0.0755895174050083,-0.10277146568219964,1.0
0.3350626665242462,0.9415315992140758,-0.15495803740061387,-0.13564329414842868,3.0
7.6,-4.380005344346107,-0.17259548628852595,7.6,3.0
1.626795136739625,-6.290300657418994,-0.18141421073248232,2.588609489990297,2.0
1.626795136739625,0.7141154905149227,-0.19023293517643847,2.588609489990297,2.0
1.626795136739625,1.1689477079132289,0.012597727034553086,2.588609489990297,3.0
1.4115063917037287,1.0779812644335676,0.33889053146093095,2.588609489990297,3.0
1.3576842054447544,0.9870148209539065,0.9385637936499495,2.588609489990297,1.0
1.3038620191857804,1.0324980426937371,1.3530438425158886,2.588609489990297,3.0
1.2500398329268063,0.9870148209539065,1.9086234824851265,2.518756854499561,1.0
1.2500398329268063,0.9870148209539065,1.9086234824851265,2.4530131975671026,1.0
1.196217646667832,0.9870148209539065,1.9086234824851265,2.2886540552359578,1.0
1.088573274149884,0.9870148209539065,1.194306802524678,1.7832496925676873,1.0
1.088573274149884,0.9870148209539065,1.0620259358653357,1.7051790999603935,1.0
1.088573274149884,0.9870148209539065,1.0620259358653357,1.6764162500524433,1.0
1.088573274149884,0.9870148209539065,0.9385637936499495,1.6517623787027715,1.0
0.9809289016319357,1.0324980426937371,0.5417211936719224,1.4545314079053977,3.0
0.9271067153729615,0.9870148209539065,0.5417211936719224,1.4545314079053977,1.0
0.9271067153729615,1.0324980426937371,0.400621602568624,1.3846787724146612,3.0
0.8732845291139875,0.9870148209539065,0.400621602568624,1.3600249010649896,1.0
0.8732845291139875,1.0324980426937371,0.33889053146093095,1.3353710297153178,3.0
0.8194623428550133,0.9870148209539065,0.33889053146093095,1.3353710297153178,1.0
0.8194623428550133,0.9870148209539065,0.2771594603532378,1.3148261369239247,1.0
0.8194623428550133,0.9870148209539065,0.14487859369389544,1.2696273727828598,1.0
0.7656401565960391,1.0324980426937371,0.10960369591807073,1.2490824799914666,3.0
0.6579957840780909,1.3508805948725513,-0.11968313962478927,1.2038837158504019,3.0
0.38888485278322016,7.354665864530194,-0.17259548628852595,1.2038837158504019,2.0
0.38888485278322016,7.491115529749686,-0.16377676184457002,1.2038837158504019,2.0
0.38888485278322016,0.8505651557344145,-0.16377676184457002,1.2038837158504019,2.0
2.326483558106289,0.9415315992140758,-0.013858446297315252,1.2490824799914666,3.0
2.434127930624237,0.9415315992140758,0.039053900366421646,1.2490824799914666,3.0
2.487950116883211,0.9415315992140758,0.039053900366421646,1.2490824799914666,3.0
2.6494166756601336,0.8960483774742452,0.039053900366421646,1.2038837158504019,3.0
2.810883234437056,0.9870148209539065,0.039053900366421646,1.2038837158504019,1.0
2.810883234437056,0.9870148209539065,0.012597727034553086,1.1833388230590087,1.0
2.810883234437056,0.9415315992140758,0.012597727034553086,1.1833388230590087,3.0
2.918527606955004,0.9870148209539065,0.012597727034553086,1.1833388230590087,1.0
2.918527606955004,0.9415315992140758,-0.013858446297315252,1.1833388230590087,3.0
2.918527606955004,0.9870148209539065,-0.05795206851709622,1.1627939302676156,1.0
2.918527606955004,0.9870148209539065,-0.05795206851709622,1.1627939302676156,1.0
3.0261719794729522,-2.469710031273221,-0.16377676184457002,1.1422490374762224,3.0
0.7656401565960391,0.304766494856447,0.400621602568624,1.1422490374762224,3.0
1.3038620191857804,0.9870148209539065,1.7057928202741348,1.1217041446848293,1.0
1.3038620191857804,0.9870148209539065,1.7057928202741348,1.1011592518934363,1.0
1.2500398329268063,0.9870148209539065,2.393653326902715,1.0025437664947494,1.0
1.2500398329268063,0.9870148209539065,2.393653326902715,0.8916013454212265,1.0
1.2500398329268063,0.9870148209539065,2.393653326902715,0.8546205383967189,1.0
1.2500398329268063,0.9870148209539065,2.393653326902715,0.7313511816483603,1.0
1.2500398329268063,0.9870148209539065,2.393653326902715,0.6984793531821314,1.0
1.2500398329268063,0.9870148209539065,2.393653326902715,0.6039728463417231,1.0
1.2500398329268063,0.9870148209539065,2.137910318027987,0.44372268256885683,1.0
1.196217646667832,0.9870148209539065,1.520599606951056,0.18485703339730386,1.0
1.196217646667832,0.9870148209539065,1.520599606951056,0.1519852049310748,1.0
1.196217646667832,0.9870148209539065,1.3530438425158886,0.11089541934828862,1.0
1.196217646667832,0.9870148209539065,1.194306802524678,0.02871584818271622,1.0
1.196217646667832,0.9870148209539065,1.194306802524678,-0.008264958841791348,1.0
1.196217646667832,0.9870148209539065,1.0620259358653357,-0.03291883019146291,1.0
1.196217646667832,0.9870148209539065,0.9385637936499495,-0.07811759433252785,1.0
1.2500398329268063,0.9870148209539065,0.33889053146093095,-0.3903999647617029,1.0
1.2500398329268063,0.9870148209539065,0.1889722159136763,-0.4520346431358824,1.0
1.2500398329268063,0.9870148209539065,0.1889722159136763,-0.47257953592727553,1.0
1.2500398329268063,0.9415315992140758,0.10960369591807073,-0.4972334072769473,3.0
1.3038620191857804,0.9415315992140758,0.07432879814224613,-0.5136693215100616,3.0
1.088573274149884,0.9415315992140758,0.4711713981202732,-0.6492656139332564,3.0
1.088573274149884,0.9870148209539065,0.23306583813345705,-0.7643170135650577,1.0
0.6041735978191167,0.9415315992140758,-0.013858446297315252,-0.8793684131968589,3.0
0.28124048026527193,0.9870148209539065,-0.03149589518522755,-0.891695348871695,1.0
-0.5260923136193396,7.6,7.6,-0.9081312631048093,3.0
7.6,7.6,7.6,7.6,3.0
1.3576842054447544,1.1234644861733982,4.56305954011593,3.3693154160632353,3.0
1.196217646667832,0.9415315992140758,4.56305954011593,3.3693154160632353,3.0
1.2500398329268063,1.0324980426937371,4.10448586903021,3.2830268663393842,3.0
1.2500398329268063,0.9870148209539065,4.10448586903021,3.2008472951738116,1.0
1.2500398329268063,0.9870148209539065,4.10448586903021,3.1597575095910257,1.0
1.2500398329268063,0.9870148209539065,3.69000582016427,3.077577938425453,1.0
1.196217646667832,0.9870148209539065,3.69000582016427,3.0364881528426673,1.0
1.196217646667832,0.9870148209539065,3.69000582016427,2.958417560235373,1.0
1.2500398329268063,0.9870148209539065,3.310800669074155,2.9214367532108656,1.0
1.2500398329268063,0.9870148209539065,3.310800669074155,2.9214367532108656,1.0
1.196217646667832,0.9870148209539065,3.310800669074155,2.8844559461863577,1.0
1.196217646667832,0.9870148209539065,2.9756891402038215,2.769404546554557,1.0
1.196217646667832,0.9870148209539065,2.9756891402038215,2.662571104039313,1.0
1.196217646667832,0.9870148209539065,2.667033784665356,2.6255902970148046,1.0
1.2500398329268063,0.9870148209539065,2.137910318027987,2.350288733610137,1.0
1.2500398329268063,0.9870148209539065,1.9086234824851265,2.2886540552359578,1.0
1.2500398329268063,0.9870148209539065,1.3530438425158886,1.9517178134571105,1.0
1.2500398329268063,0.9870148209539065,1.194306802524678,1.9229549635491607,1.0
1.2500398329268063,0.9415315992140758,1.194306802524678,1.8941921136412103,3.0
1.2500398329268063,0.9870148209539065,1.0620259358653357,1.8407753923835883,1.0
1.2500398329268063,0.9870148209539065,0.9385637936499495,1.812012542475638,1.0
1.2500398329268063,0.9870148209539065,0.4711713981202732,1.5736917860954778,1.0
1.2500398329268063,0.9870148209539065,0.33889053146093095,1.4997301720464626,1.0
1.2500398329268063,0.9870148209539065,0.1889722159136763,1.429877536555726,1.0
1.2500398329268063,0.9870148209539065,-0.013858446297315252,1.3353710297153178,1.0
1.2500398329268063,1.0324980426937371,-0.0755895174050083,1.3148261369239247,3.0
1.142395460408858,0.9870148209539065,-0.0932269662929206,1.2942812441325315,1.0
1.142395460408858,0.9870148209539065,-0.14613931295665772,1.2696273727828598,1.0
1.142395460408858,0.9870148209539065,-0.15495803740061387,1.2696273727828598,1.0
1.142395460408858,1.0324980426937371,-0.16377676184457002,1.2696273727828598,2.0
1.3038620191857804,0.9870148209539065,1.3530438425158886,1.1422490374762224,1.0
1.3038620191857804,0.9870148209539065,1.3530438425158886,1.0806143591020432,1.0
1.3576842054447544,0.9870148209539065,1.194306802524678,0.6204087605748377,1.0
1.3576842054447544,0.9870148209539065,0.8239203758785194,0.41906881121918504,1.0
1.3576842054447544,0.9870148209539065,0.4711713981202732,0.20951090474697542,1.0
1.3576842054447544,0.9870148209539065,0.400621602568624,0.18485703339730386,1.0
1.4115063917037287,1.0324980426937371,0.33889053146093095,0.13965826925623892,3.0
1.3576842054447544,1.0324980426937371,0.14487859369389544,0.04926074097410926,3.0
1.3038620191857804,0.9870148209539065,0.14487859369389544,0.04104278385755211,1.0
1.3038620191857804,0.9870148209539065,0.10960369591807073,0.02871584818271622,1.0
1.3576842054447544,1.0324980426937371,-0.03149589518522755,-0.045245765866298804,3.0
1.3576842054447544,0.9870148209539065,-0.0755895174050083,-0.06168168009941355,1.0
1.3576842054447544,0.9870148209539065,-0.13732058851270135,-0.08633555144908533,1.0
1.3038620191857804,0.9870148209539065,-0.16377676184457002,-0.10277146568219964,2.0
1.3576842054447544,0.9870148209539065,0.5417211936719224,0.24238273321320447,1.0
1.3576842054447544,0.9870148209539065,0.5417211936719224,0.24238273321320447,1.0
1.3576842054447544,0.9870148209539065,0.5417211936719224,0.24238273321320447,1.0
1.3576842054447544,0.9870148209539065,0.5417211936719224,0.24238273321320447,1.0
1.088573274149884,0.8505651557344145,0.7180956825510456,0.20951090474697542,3.0
1.3576842054447544,0.9870148209539065,1.520599606951056,-0.13564329414842868,1.0
1.3576842054447544,0.9870148209539065,1.3530438425158886,-0.19727797252260793,1.0
1.4115063917037287,0.9870148209539065,0.9385637936499495,-0.4273807717862106,1.0
1.4115063917037287,0.9870148209539065,0.8239203758785194,-0.4520346431358824,1.0
-0.9566698036911325,0.9870148209539065,0.5417211936719224,1.4997301720464626,1.0
-1.0104919899501068,0.9870148209539065,0.5417211936719224,1.4997301720464626,1.0
-1.0104919899501068,0.9870148209539065,0.5417211936719224,1.4997301720464626,1.0
-1.0104919899501068,0.9870148209539065,0.5417211936719224,1.4997301720464626,1.0
-1.0104919899501068,0.9870148209539065,0.5417211936719224,1.4997301720464626,1.0
-0.9566698036911325,0.9870148209539065,0.5417211936719224,1.4997301720464626,1.0
-0.9566698036911325,0.9870148209539065,0.5417211936719224,1.4997301720464626,1.0
-0.9566698036911325,1.0324980426937371,0.5417211936719224,1.4997301720464626,3.0
-1.0104919899501068,0.9870148209539065,0.5417211936719224,1.4997301720464626,1.0
-1.0104919899501068,0.9870148209539065,0.5417211936719224,1.4997301720464626,1.0
-1.0104919899501068,1.0324980426937371,0.5417211936719224,1.4997301720464626,3.0
-1.064314176209081,0.9870148209539065,0.5417211936719224,1.4997301720464626,1.0
-1.064314176209081,0.9870148209539065,0.5417211936719224,1.4997301720464626,1.0
-1.064314176209081,0.9870148209539065,0.5417211936719224,1.4997301720464626,1.0
-1.064314176209081,0.9870148209539065,0.5417211936719224,1.4997301720464626,1.0
-1.064314176209081,0.9870148209539065,0.5417211936719224,1.4997301720464626,1.0
-1.064314176209081,0.9870148209539065,0.5417211936719224,1.4997301720464626,1.0
-1.064314176209081,0.9870148209539065,0.5417211936719224,1.4997301720464626,1.0
-1.064314176209081,0.9870148209539065,0.5417211936719224,1.4997301720464626,1.0
-1.064314176209081,0.9870148209539065,0.5417211936719224,1.4997301720464626,1.0
-1.064314176209081,0.9870148209539065,0.5417211936719224,1.4997301720464626,1.0
-1.064314176209081,0.9870148209539065,0.5417211936719224,1.4997301720464626,1.0
-1.064314176209081,0.9870148209539065,0.5417211936719224,1.4997301720464626,1.0
-1.064314176209081,0.9870148209539065,0.5417211936719224,1.4997301720464626,1.0
-1.064314176209081,0.9870148209539065,0.5417211936719224,1.4997301720464626,1.0
-1.064314176209081,0.9870148209539065,0.5417211936719224,1.4997301720464626,1.0
-1.064314176209081,0.9870148209539065,0.5417211936719224,1.4997301720464626,1.0
-1.064314176209081,0.9870148209539065,0.5417211936719224,1.4997301720464626,1.0
-1.064314176209081,0.9870148209539065,0.5417211936719224,1.4997301720464626,1.0
-1.064314176209081,0.9870148209539065,0.5417211936719224,1.4997301720464626,1.0
-1.064314176209081,0.9870148209539065,0.5417211936719224,1.4997301720464626,1.0
-1.064314176209081,0.9870148209539065,0.5417211936719224,1.4997301720464626,1.0
-1.064314176209081,0.9870148209539065,0.5417211936719224,1.4997301720464626,1.0
-1.064314176209081,0.9870148209539065,0.5417211936719224,1.4997301720464626,1.0
-1.064314176209081,0.9870148209539065,0.5417211936719224,1.4997301720464626,1.0
-1.064314176209081,0.9870148209539065,0.5417211936719224,1.4997301720464626,1.0
-1.064314176209081,0.9870148209539065,0.5417211936719224,1.4997301720464626,1.0
-1.064314176209081,0.9870148209539065,0.5417211936719224,1.4997301720464626,1.0
-1.064314176209081,0.9870148209539065,0.5417211936719224,1.4997301720464626,1.0
-1.064314176209081,0.9870148209539065,0.5417211936719224,1.4997301720464626,1.0
-1.064314176209081,0.9870148209539065,0.5417211936719224,1.4997301720464626,1.0
-1.064314176209081,0.9870148209539065,0.5417211936719224,1.4997301720464626,1.0
-1.064314176209081,0.9870148209539065,0.5417211936719224,1.4997301720464626,1.0
-1.064314176209081,0.9870148209539065,0.5417211936719224,1.4997301720464626,1.0
-1.064314176209081,0.9870148209539065,0.5417211936719224,1.4997301720464626,1.0
-1.064314176209081,0.9870148209539065,0.5417211936719224,1.4997301720464626,1.0
-1.064314176209081,0.9870148209539065,0.5417211936719224,1.4997301720464626,1.0
-1.064314176209081,0.9870148209539065,0.5417211936719224,1.4997301720464626,1.0
-1.064314176209081,0.9870148209539065,0.5417211936719224,1.4997301720464626,1.0
-1.064314176209081,0.9870148209539065,0.5417211936719224,1.4997301720464626,1.0
-1.064314176209081,0.9870148209539065,0.5417211936719224,1.4997301720464626,1.0
-1.064314176209081,0.9870148209539065,0.5417211936719224,1.4997301720464626,1.0
-1.064314176209081,0.9870148209539065,0.5417211936719224,1.4997301720464626,1.0
-1.064314176209081,0.9870148209539065,0.5417211936719224,1.4997301720464626,1.0
-1.064314176209081,0.9870148209539065,0.5417211936719224,1.4997301720464626,1.0
-1.064314176209081,0.9870148209539065,0.5417211936719224,1.4997301720464626,1.0
-1.064314176209081,0.9870148209539065,0.5417211936719224,1.4997301720464626,1.0
-1.064314176209081,0.9870148209539065,0.5417211936719224,1.4997301720464626,1.0
-1.064314176209081,0.9870148209539065,0.5417211936719224,1.4997301720464626,1.0
-1.064314176209081,0.9870148209539065,0.5417211936719224,1.4997301720464626,1.0
-1.064314176209081,0.9870148209539065,0.5417211936719224,1.4997301720464626,1.0
-1.064314176209081,0.9870148209539065,0.5417211936719224,1.4997301720464626,1.0
-1.064314176209081,0.9870148209539065,0.5417211936719224,1.4997301720464626,1.0
-1.064314176209081,0.9870148209539065,0.5417211936719224,1.4997301720464626,1.0
-1.064314176209081,0.9870148209539065,0.5417211936719224,1.4997301720464626,1.0
-1.064314176209081,0.9870148209539065,0.5417211936719224,1.4997301720464626,1.0
-1.064314176209081,0.9870148209539065,0.5417211936719224,1.4997301720464626,1.0
-1.064314176209081,0.9870148209539065,0.5417211936719224,1.4997301720464626,1.0
-1.064314176209081,0.9870148209539065,0.5417211936719224,1.4997301720464626,1.0
-1.064314176209081,0.9870148209539065,0.5417211936719224,1.4997301720464626,1.0
-1.064314176209081,0.9870148209539065,0.5417211936719224,1.4997301720464626,1.0
-1.064314176209081,0.9870148209539065,0.5417211936719224,1.4997301720464626,1.0
-1.064314176209081,0.9870148209539065,0.5417211936719224,1.4997301720464626,1.0
-1.064314176209081,0.9870148209539065,0.5417211936719224,1.4997301720464626,1.0
-1.064314176209081,0.9870148209539065,0.5417211936719224,1.4997301720464626,1.0
-1.064314176209081,0.9870148209539065,0.5417211936719224,1.4997301720464626,1.0
-1.064314176209081,0.9415315992140758,0.5417211936719224,1.4997301720464626,3.0
-0.9566698036911325,1.0324980426937371,0.5417211936719224,1.4997301720464626,3.0
-1.064314176209081,0.9870148209539065,0.5417211936719224,1.4997301720464626,1.0
-1.0104919899501068,0.9870148209539065,0.5417211936719224,1.4997301720464626,1.0
-1.0104919899501068,0.9870148209539065,0.5417211936719224,1.4997301720464626,1.0
7.6,2.578927581847978,0.5417211936719224,7.6,3.0
2.810883234437056,1.1234644861733982,0.9385637936499495,1.0230886592861426,3.0
2.1650169993293664,1.0779812644335676,1.520599606951056,1.0230886592861426,3.0
1.9497282542934697,0.9870148209539065,1.9086234824851265,0.9819988737033563,1.0
1.9497282542934697,1.0324980426937371,1.7057928202741348,0.9450180666788488,3.0
1.8959060680344955,0.9870148209539065,1.7057928202741348,0.9450180666788488,1.0
1.9497282542934697,1.0324980426937371,1.7057928202741348,0.9080372596543412,3.0
1.9497282542934697,1.0324980426937371,1.7057928202741348,0.8012038171390969,3.0
1.8959060680344955,0.9870148209539065,1.7057928202741348,0.8012038171390969,1.0
1.8959060680344955,0.9870148209539065,1.7057928202741348,0.7683319886728679,1.0
1.8959060680344955,0.9870148209539065,1.520599606951056,0.7149152674152459,1.0
1.8959060680344955,0.9870148209539065,1.520599606951056,0.6861524175072955,1.0
1.9497282542934697,0.9870148209539065,1.3530438425158886,0.6368446748079521,1.0
1.9497282542934697,0.9870148209539065,1.3530438425158886,0.5916459106668872,1.0
1.9497282542934697,0.9870148209539065,1.194306802524678,0.5012483823847574,1.0
1.9497282542934697,0.9415315992140758,1.0620259358653357,0.43139574689402116,3.0
2.057372626811418,0.9870148209539065,0.8239203758785194,0.35332515428672717,1.0
2.1650169993293664,1.0324980426937371,0.5417211936719224,0.23005579753836858,3.0
2.434127930624237,0.9870148209539065,0.14487859369389544,0.04926074097410926,1.0
2.434127930624237,0.9870148209539065,0.14487859369389544,0.04104278385755211,1.0
2.487950116883211,0.9870148209539065,-0.013858446297315252,-0.02470087307490587,1.0
2.487950116883211,0.9415315992140758,-0.013858446297315252,-0.02470087307490587,3.0
2.595594489401159,0.9870148209539065,-0.05795206851709622,-0.053463722982856066,1.0
2.6494166756601336,0.9870148209539065,-0.1108644151808329,-0.06989963721597059,1.0
2.6494166756601336,0.9415315992140758,-0.1108644151808329,-0.06989963721597059,3.0
2.757061048178082,0.9870148209539065,-0.11968313962478927,-0.07811759433252785,1.0
2.810883234437056,0.9870148209539065,-0.11968313962478927,-0.07811759433252785,1.0
3.079994165731926,-2.1058442573545757,-0.19023293517643847,-0.08633555144908533,3.0
1.0347510878909099,0.5776658252954308,0.23306583813345705,-0.08633555144908533,3.0
1.3576842054447544,1.0324980426937371,1.0620259358653357,-0.08633555144908533,3.0
1.2500398329268063,0.9870148209539065,1.520599606951056,-0.14386125126498572,1.0
1.2500398329268063,0.9870148209539065,1.194306802524678,-0.3000024364795735,1.0
1.2500398329268063,0.9870148209539065,0.9385637936499495,-0.3821820076451461,1.0
1.2500398329268063,0.9870148209539065,0.8239203758785194,-0.47257953592727553,1.0
1.3038620191857804,0.9870148209539065,0.5417211936719224,-0.5917399141173556,1.0
1.3038620191857804,0.9870148209539065,0.4711713981202732,-0.6287207211418633,1.0
1.3038620191857804,1.0324980426937371,0.33889053146093095,-0.6739194852829278,3.0
1.3038620191857804,0.9870148209539065,0.33889053146093095,-0.6780284638412066,1.0
1.2500398329268063,0.9870148209539065,0.23306583813345705,-0.7437721207736645,1.0
1.3038620191857804,0.9870148209539065,0.14487859369389544,-0.7684259921233363,1.0
1.3038620191857804,0.9870148209539065,0.10960369591807073,-0.7889708849147294,1.0
1.2500398329268063,0.9870148209539065,3.310800669074155,2.8844559461863577,1.0
1.2500398329268063,1.0324980426937371,2.9756891402038215,2.6954429325055416,3.0
1.2500398329268063,0.9870148209539065,2.9756891402038215,2.6954429325055416,1.0
1.2500398329268063,0.9870148209539065,2.9756891402038215,2.662571104039313,1.0
1.2500398329268063,0.9870148209539065,2.393653326902715,2.4858850260333316,1.0
1.2500398329268063,0.9870148209539065,2.393653326902715,2.420141369100874,1.0
1.2500398329268063,0.9870148209539065,2.393653326902715,2.420141369100874,1.0
1.2500398329268063,0.9870148209539065,2.137910318027987,2.383160562076366,1.0
1.2500398329268063,1.0324980426937371,1.9086234824851265,2.2229103983035,3.0
1.196217646667832,0.9870148209539065,1.9086234824851265,2.190038569837271,1.0
1.196217646667832,0.9870148209539065,1.3530438425158886,1.9517178134571105,1.0
1.196217646667832,0.9870148209539065,0.9385637936499495,1.7832496925676873,1.0
1.196217646667832,1.0324980426937371,0.7180956825510456,1.7051790999603935,3.0
1.142395460408858,0.9870148209539065,0.1889722159136763,1.429877536555726,1.0
1.142395460408858,1.0324980426937371,0.1889722159136763,1.429877536555726,3.0
1.088573274149884,0.9870148209539065,0.1889722159136763,1.429877536555726,1.0
1.0347510878909099,0.9870148209539065,0.07432879814224613,1.3846787724146612,1.0
0.7118179703370651,0.7595987122547533,0.2771594603532378,1.3148261369239247,3.0
0.9809289016319357,0.9870148209539065,0.7180956825510456,1.3148261369239247,1.0
0.9809289016319357,0.9415315992140758,1.0620259358653357,1.2942812441325315,3.0
0.9809289016319357,1.0324980426937371,1.7057928202741348,1.1011592518934363,3.0
0.9809289016319357,0.9870148209539065,1.9086234824851265,1.06006946631065,1.0
0.9809289016319357,0.9870148209539065,1.9086234824851265,1.0025437664947494,1.0
0.9809289016319357,0.9870148209539065,1.7057928202741348,0.8340756456053259,1.0
0.9271067153729615,0.9870148209539065,1.520599606951056,0.7149152674152459,1.0
0.8732845291139875,0.9870148209539065,1.0620259358653357,0.41906881121918504,1.0
0.7118179703370651,0.9870148209539065,0.4711713981202732,0.13965826925623892,1.0
0.6579957840780909,0.9870148209539065,0.33889053146093095,0.07802359088205968,1.0
0.5503514115601427,1.0324980426937371,0.012597727034553086,-0.06168168009941355,3.0
0.44270703904219444,0.9870148209539065,-0.0755895174050083,-0.10277146568219964,1.0
0.38888485278322016,0.9870148209539065,-0.1108644151808329,-0.11920737991531416,1.0
0.38888485278322016,0.9870148209539065,-0.11968313962478927,-0.12742533703187142,1.0
0.38888485278322016,1.0324980426937371,-0.11968313962478927,-0.12742533703187142,3.0
0.3350626665242462,1.0324980426937371,-0.11968313962478927,-0.12742533703187142,3.0
0.28124048026527193,5.944685990595445,-0.21668910850830692,-0.12742533703187142,2.0
0.28124048026527193,7.5365987514895165,-0.21668910850830692,-0.13564329414842868,2.0
0.28124048026527193,9.037545068903926,-0.21668910850830692,-0.13564329414842868,2.0
0.28124048026527193,-5.789985218280857,-0.21668910850830692,-0.13564329414842868,2.0
0.28124048026527193,-0.42296505298084286,0.14487859369389544,-0.13564329414842868,3.0
1.9497282542934697,1.1234644861733982,0.2771594603532378,-0.13564329414842868,3.0
1.5729729504806509,0.9870148209539065,1.194306802524678,-0.3000024364795735,1.0
1.7344395092575735,0.9870148209539065,0.7180956825510456,-0.5177783000683405,1.0
1.7882616955165473,0.9870148209539065,0.629908438111484,-0.5506501285345691,1.0
1.8420838817755216,0.9870148209539065,0.5417211936719224,-0.5711950213259624,1.0
1.7882616955165473,0.9415315992140758,0.5417211936719224,-0.5711950213259624,3.0
1.8420838817755216,0.9870148209539065,0.5417211936719224,-0.5711950213259624,1.0
1.8420838817755216,0.9870148209539065,0.5417211936719224,-0.5711950213259624,1.0
1.8420838817755216,0.9870148209539065,0.5417211936719224,-0.5753039998842409,1.0
1.7344395092575735,0.9415315992140758,0.5417211936719224,-0.5794129784425197,3.0
1.7882616955165473,0.9415315992140758,0.5417211936719224,-0.5835219570007983,3.0
1.6806173229985992,0.8960483774742452,0.5417211936719224,-0.587630935559077,3.0
1.8420838817755216,7.6,7.6,1.3353710297153178,3.0
-0.14933700980652098,7.6,7.6,1.3353710297153178,3.0
7.6,2.260545029669164,0.5417211936719224,7.6,3.0
7.6,0.9870148209539065,0.5417211936719224,7.6,1.0
7.6,0.9870148209539065,0.5417211936719224,7.6,1.0
7.6,0.9870148209539065,0.5417211936719224,7.6,1.0
7.6,0.9415315992140758,0.5417211936719224,7.6,3.0
7.6,0.9870148209539065,0.5417211936719224,7.6,1.0
7.6,1.0324980426937371,0.5417211936719224,7.6,3.0
7.6,0.9870148209539065,0.5417211936719224,7.6,1.0
7.6,0.9870148209539065,0.5417211936719224,7.6,1.0
7.6,0.9870148209539065,0.5417211936719224,7.6,1.0
7.6,0.9870148209539065,0.5417211936719224,7.6,1.0
7.6,0.9415315992140758,0.5417211936719224,7.6,3.0
7.6,0.9870148209539065,0.5417211936719224,7.6,1.0
7.6,1.0324980426937371,0.5417211936719224,7.6,3.0
7.6,0.9870148209539065,0.5417211936719224,7.6,1.0
7.6,0.9870148209539065,0.5417211936719224,7.6,1.0
7.6,0.9870148209539065,0.5417211936719224,7.6,1.0
7.6,0.9870148209539065,0.5417211936719224,7.6,1.0
7.6,0.9870148209539065,0.5417211936719224,7.6,1.0
7.6,0.9870148209539065,0.5417211936719224,7.6,1.0
7.6,0.9870148209539065,0.5417211936719224,7.6,1.0
7.6,0.9870148209539065,0.5417211936719224,7.6,1.0
7.6,0.9870148209539065,0.5417211936719224,7.6,1.0
7.6,0.9870148209539065,0.5417211936719224,7.6,1.0
7.6,0.9870148209539065,0.5417211936719224,7.6,1.0
7.6,0.9870148209539065,0.5417211936719224,7.6,1.0
-0.47227012736036555,0.6686322687750921,1.0620259358653357,1.2038837158504019,3.0
0.8194623428550133,0.9870148209539065,2.137910318027987,0.9819988737033563,1.0
0.8194623428550133,0.9870148209539065,1.9086234824851265,0.9450180666788488,1.0
0.8194623428550133,0.9415315992140758,1.9086234824851265,0.9080372596543412,3.0
0.8732845291139875,0.9870148209539065,1.9086234824851265,0.8916013454212265,1.0
0.8194623428550133,0.9870148209539065,1.3530438425158886,0.5752099964337729,1.0
0.7656401565960391,0.9870148209539065,1.0620259358653357,0.44372268256885683,1.0
0.7656401565960391,0.9870148209539065,0.9385637936499495,0.41906881121918504,1.0
0.7656401565960391,0.9870148209539065,0.9385637936499495,0.37797902563639896,1.0
0.7118179703370651,0.9870148209539065,0.7180956825510456,0.2793635402377119,1.0
0.7118179703370651,0.9870148209539065,0.629908438111484,0.24238273321320447,1.0
0.5503514115601427,0.9870148209539065,0.400621602568624,0.13965826925623892,1.0
0.6041735978191167,0.9870148209539065,0.2771594603532378,0.09856848367345272,1.0
0.4965292253011685,0.9870148209539065,0.10960369591807073,0.020497891066158958,1.0
0.4965292253011685,0.9870148209539065,0.012597727034553086,-0.02470087307490587,1.0
0.44270703904219444,0.9870148209539065,-0.03149589518522755,-0.053463722982856066,1.0
0.38888485278322016,0.9870148209539065,-0.0755895174050083,-0.06989963721597059,1.0
0.38888485278322016,0.9870148209539065,-0.0755895174050083,-0.06989963721597059,1.0
0.38888485278322016,0.9870148209539065,-0.0932269662929206,-0.07811759433252785,1.0
0.38888485278322016,0.9870148209539065,-0.1108644151808329,-0.08633555144908533,1.0
0.22741829400629798,0.9870148209539065,-0.11968313962478927,-0.09455350856564237,1.0
1.5191507642216768,0.8960483774742452,0.33889053146093095,2.555737661524068,3.0
7.6,7.6,7.6,7.6,3.0
1.5729729504806509,0.9870148209539065,1.194306802524678,-0.3041114150378519,1.0
1.626795136739625,0.9870148209539065,1.0620259358653357,-0.3452012006206382,1.0
1.7882616955165473,0.9870148209539065,0.7180956825510456,-0.5177783000683405,1.0
2.057372626811418,0.9870148209539065,0.400621602568624,-0.6533745924915348,1.0
2.111194813070392,0.9870148209539065,0.400621602568624,-0.6739194852829278,1.0
0.28124048026527193,7.6,7.6,-0.7273362065405502,3.0
1.3576842054447544,1.0324980426937371,4.10448586903021,3.2008472951738116,3.0
1.3038620191857804,0.9870148209539065,4.10448586903021,3.2008472951738116,1.0
1.3038620191857804,0.9870148209539065,3.69000582016427,3.1186677240082394,1.0
1.3038620191857804,0.9870148209539065,3.69000582016427,3.077577938425453,1.0
1.3038620191857804,0.9870148209539065,3.69000582016427,3.0364881528426673,1.0
1.3038620191857804,0.9870148209539065,3.310800669074155,2.958417560235373,1.0
1.3038620191857804,0.9870148209539065,3.310800669074155,2.9214367532108656,1.0
1.3038620191857804,0.9870148209539065,2.9756891402038215,2.7324237395300486,1.0
1.3038620191857804,0.9870148209539065,2.667033784665356,2.6255902970148046,1.0
1.3576842054447544,0.9870148209539065,2.667033784665356,2.555737661524068,1.0
1.3576842054447544,0.9870148209539065,1.3530438425158886,2.0092435132730113,1.0
1.3576842054447544,0.9870148209539065,1.3530438425158886,1.9804806633650611,1.0
1.3576842054447544,0.9415315992140758,1.0620259358653357,1.86542926373326,3.0
1.3576842054447544,0.9870148209539065,1.0620259358653357,1.86542926373326,1.0
1.3576842054447544,0.9870148209539065,1.0620259358653357,1.8407753923835883,1.0
1.3576842054447544,0.9870148209539065,0.8239203758785194,1.7298329713100653,1.0
1.4115063917037287,0.9870148209539065,0.400621602568624,1.549037914745806,1.0
1.4115063917037287,0.9415315992140758,0.400621602568624,1.5243840433961344,3.0
1.4115063917037287,0.9870148209539065,0.33889053146093095,1.4997301720464626,1.0
1.4115063917037287,0.9870148209539065,0.2771594603532378,1.4791852792550695,1.0
1.4653285779627028,0.9870148209539065,0.1889722159136763,1.429877536555726,1.0
1.5191507642216768,0.9870148209539065,-0.03149589518522755,1.3353710297153178,1.0
1.5191507642216768,0.9870148209539065,-0.0932269662929206,1.2942812441325315,1.0
1.5191507642216768,0.9415315992140758,-0.14613931295665772,1.2696273727828598,3.0
1.5729729504806509,0.9870148209539065,-0.14613931295665772,1.2696273727828598,1.0
1.5729729504806509,0.9870148209539065,-0.15495803740061387,1.2696273727828598,1.0
1.5729729504806509,0.9870148209539065,-0.16377676184457002,1.2696273727828598,2.0
1.2500398329268063,1.0324980426937371,0.629908438111484,1.2696273727828598,3.0
1.196217646667832,0.9870148209539065,1.0620259358653357,1.2696273727828598,1.0
1.142395460408858,0.9870148209539065,1.3530438425158886,1.1217041446848293,1.0
1.088573274149884,1.0324980426937371,1.7057928202741348,0.9819988737033563,3.0
1.0347510878909099,0.9870148209539065,1.7057928202741348,0.9819988737033563,1.0
0.9809289016319357,0.9870148209539065,1.7057928202741348,0.8546205383967189,1.0
0.9809289016319357,0.9870148209539065,1.520599606951056,0.7518960744397535,1.0
0.9271067153729615,0.9870148209539065,1.520599606951056,0.669716503274181,1.0
0.9271067153729615,0.9870148209539065,1.3530438425158886,0.6204087605748377,1.0
0.8732845291139875,0.9870148209539065,1.194306802524678,0.48892144670992177,1.0
0.8732845291139875,0.9870148209539065,1.0620259358653357,0.46015859680197124,1.0
0.8194623428550133,0.9870148209539065,0.9385637936499495,0.37797902563639896,1.0
0.7118179703370651,0.9870148209539065,0.5417211936719224,0.1643121406059107,1.0
0.7118179703370651,0.9870148209539065,0.4711713981202732,0.13965826925623892,1.0
0.7118179703370651,0.9415315992140758,0.400621602568624,0.09856848367345272,3.0
0.6579957840780909,0.9870148209539065,0.23306583813345705,0.04104278385755211,1.0
0.6041735978191167,0.9870148209539065,0.14487859369389544,-0.008264958841791348,1.0
0.6041735978191167,0.9870148209539065,0.10960369591807073,-0.03291883019146291,1.0
0.5503514115601427,0.9870148209539065,-0.013858446297315252,-0.09455350856564237,1.0
0.5503514115601427,1.0324980426937371,-0.05795206851709622,-0.11098942279875712,3.0
0.4965292253011685,0.9870148209539065,-0.0755895174050083,-0.11920737991531416,1.0
0.4965292253011685,0.9870148209539065,-0.11968313962478927,-0.13564329414842868,1.0
0.44270703904219444,0.9870148209539065,-0.16377676184457002,-0.16029716549810047,2.0
0.7656401565960391,1.1234644861733982,0.5417211936719224,0.17253009772246797,3.0
0.6041735978191167,0.9870148209539065,0.5417211936719224,0.17253009772246797,1.0
0.6041735978191167,0.9870148209539065,0.5417211936719224,0.17253009772246797,1.0
0.6041735978191167,0.9870148209539065,0.5417211936719224,0.17253009772246797,1.0
0.6041735978191167,0.9870148209539065,0.5417211936719224,0.17253009772246797,1.0
0.6041735978191167,0.9870148209539065,0.5417211936719224,0.17253009772246797,1.0
0.6041735978191167,0.9870148209539065,0.5417211936719224,0.17253009772246797,1.0
0.6041735978191167,0.9870148209539065,0.5417211936719224,0.17253009772246797,1.0
0.6041735978191167,0.9870148209539065,0.5417211936719224,0.17253009772246797,1.0
0.6041735978191167,0.9870148209539065,0.5417211936719224,0.17253009772246797,1.0
0.6041735978191167,1.1234644861733982,0.4711713981202732,0.17253009772246797,3.0
1.142395460408858,0.9415315992140758,1.7057928202741348,-0.045245765866298804,3.0
1.196217646667832,0.9870148209539065,1.520599606951056,-0.08633555144908533,1.0
1.196217646667832,1.0324980426937371,1.520599606951056,-0.12742533703187142,3.0
1.142395460408858,0.9870148209539065,1.3530438425158886,-0.17262410117293636,1.0
1.142395460408858,0.9870148209539065,1.194306802524678,-0.238367758105394,1.0
1.196217646667832,0.9870148209539065,1.0620259358653357,-0.33698324350408115,1.0
1.196217646667832,1.0324980426937371,0.629908438111484,-0.5424321714180123,3.0
1.142395460408858,0.9870148209539065,0.5417211936719224,-0.5465411499762909,1.0
1.142395460408858,1.0324980426937371,0.5417211936719224,-0.5465411499762909,3.0
1.142395460408858,0.9870148209539065,0.5417211936719224,-0.5465411499762909,1.0
7.6,7.6,7.6,7.6,3.0
0.6041735978191167,7.6,7.6,1.0025437664947494,3.0
7.6,2.487961138368317,0.5417211936719224,7.6,3.0
3.5105716558037194,0.9870148209539065,0.5417211936719224,1.4997301720464626,1.0
3.5105716558037194,0.9415315992140758,0.5417211936719224,1.4997301720464626,3.0
3.5643938420626937,0.9870148209539065,0.5417211936719224,1.4997301720464626,1.0
3.5643938420626937,0.9870148209539065,0.5417211936719224,1.4997301720464626,1.0
3.5105716558037194,0.9870148209539065,0.5417211936719224,1.4997301720464626,1.0
3.5105716558037194,0.9870148209539065,0.5417211936719224,1.4997301720464626,1.0
3.5105716558037194,0.9870148209539065,0.5417211936719224,1.4997301720464626,1.0
3.5105716558037194,0.9870148209539065,0.5417211936719224,1.4997301720464626,1.0
3.5105716558037194,0.9870148209539065,0.5417211936719224,1.4997301720464626,1.0
3.5105716558037194,0.9870148209539065,0.5417211936719224,1.4997301720464626,1.0
3.5105716558037194,1.0324980426937371,0.5417211936719224,1.4997301720464626,3.0
3.456749469544745,0.9415315992140758,0.5417211936719224,1.4997301720464626,3.0
3.5105716558037194,0.9870148209539065,0.5417211936719224,1.4997301720464626,1.0
3.5105716558037194,0.9870148209539065,0.5417211936719224,1.4997301720464626,1.0
3.5643938420626937,0.9870148209539065,0.5417211936719224,1.4997301720464626,1.0
3.5643938420626937,0.9870148209539065,0.5417211936719224,1.4997301720464626,1.0
3.5643938420626937,0.9870148209539065,0.5417211936719224,1.4997301720464626,1.0
3.5643938420626937,0.9870148209539065,0.5417211936719224,1.4997301720464626,1.0
3.5643938420626937,0.9870148209539065,0.5417211936719224,1.4997301720464626,1.0
3.5643938420626937,0.9870148209539065,0.5417211936719224,1.4997301720464626,1.0
3.5643938420626937,0.9870148209539065,0.5417211936719224,1.4997301720464626,1.0
3.5643938420626937,0.9870148209539065,0.5417211936719224,1.4997301720464626,1.0
3.5643938420626937,0.9870148209539065,0.5417211936719224,1.4997301720464626,1.0
3.5643938420626937,0.9870148209539065,0.5417211936719224,1.4997301720464626,1.0
3.5643938420626937,0.9870148209539065,0.5417211936719224,1.4997301720464626,1.0
3.6182160283216676,0.9870148209539065,0.5417211936719224,1.4997301720464626,1.0
3.6182160283216676,0.9870148209539065,0.5417211936719224,1.4997301720464626,1.0
3.6182160283216676,0.9870148209539065,0.5417211936719224,1.4997301720464626,1.0
3.6182160283216676,0.9870148209539065,0.5417211936719224,1.4997301720464626,1.0
3.6182160283216676,0.9870148209539065,0.5417211936719224,1.4791852792550695,1.0
7.6,0.9870148209539065,0.2771594603532378,7.6,1.0
7.6,0.9870148209539065,0.10960369591807073,7.6,1.0
7.6,0.9870148209539065,0.07432879814224613,7.6,1.0
7.6,0.9870148209539065,-0.11968313962478927,7.6,1.0
7.6,0.9870148209539065,-0.14613931295665772,7.6,1.0
1.8959060680344955,-0.6958643834198266,-0.16377676184457002,1.2490824799914666,2.0
1.8959060680344955,-2.0603610356147453,-0.16377676184457002,1.2490824799914666,2.0
-0.9028476174321582,5.899202768855615,-0.0755895174050083,1.2038837158504019,3.0
3.456749469544745,7.6,7.6,1.2038837158504019,3.0
1.088573274149884,1.1234644861733982,2.137910318027987,1.2038837158504019,3.0
0.9271067153729615,0.9870148209539065,2.137910318027987,1.0806143591020432,1.0
0.9271067153729615,0.9870148209539065,2.137910318027987,1.0025437664947494,1.0
0.8732845291139875,0.9870148209539065,2.137910318027987,0.7518960744397535,1.0
0.8732845291139875,1.0324980426937371,1.9086234824851265,0.7313511816483603,3.0
0.8194623428550133,0.9870148209539065,1.9086234824851265,0.669716503274181,1.0
0.7656401565960391,0.9870148209539065,1.7057928202741348,0.5587740822006584,1.0
0.7656401565960391,0.9870148209539065,1.7057928202741348,0.47248553247680725,1.0
0.7118179703370651,0.9870148209539065,1.520599606951056,0.44372268256885683,1.0
0.6041735978191167,0.9870148209539065,1.0620259358653357,0.20951090474697542,1.0
0.38888485278322016,0.9870148209539065,0.4711713981202732,-0.08633555144908533,1.0
0.1735961077473237,0.9870148209539065,0.1889722159136763,-0.22604082243055812,1.0
0.11977392148834975,0.9870148209539065,0.10960369591807073,-0.2589126508967874,1.0
0.06595173522937547,1.0324980426937371,0.07432879814224613,-0.2794575436881803,3.0
-0.04169263728857264,0.9870148209539065,0.012597727034553086,-0.3041114150378519,1.0
-0.04169263728857264,0.9870148209539065,-0.013858446297315252,-0.31232937215440937,1.0
-0.20315919606549504,1.0324980426937371,-0.15495803740061387,-0.36985507197031,3.0
7.6,-2.560676474752882,-0.16377676184457002,7.6,3.0
2.1650169993293664,-6.01740132698001,-0.16377676184457002,2.843366160603572,2.0
0.9809289016319357,0.9870148209539065,0.9385637936499495,-0.40683587899481766,1.0
0.9271067153729615,0.9870148209539065,0.8239203758785194,-0.4397077074610465,1.0
0.8732845291139875,0.9870148209539065,0.7180956825510456,-0.5177783000683405,1.0
0.7118179703370651,0.9870148209539065,0.33889053146093095,-0.6739194852829278,1.0
0.6579957840780909,0.9870148209539065,0.2771594603532378,-0.6903553995160427,1.0
0.6041735978191167,1.0324980426937371,0.23306583813345705,-0.7232272279822713,3.0
-0.47227012736036555,0.9870148209539065,-0.03149589518522755,-0.8382786276140728,1.0
-0.687558872396262,0.9870148209539065,-0.05795206851709622,-0.84649658473063,1.0
-0.8490254311731844,0.9870148209539065,-0.05795206851709622,-0.8506055632889089,1.0
-1.1719585487270292,0.9870148209539065,-0.0932269662929206,-0.8629324989637446,1.0
7.6,0.9870148209539065,-0.1108644151808329,7.6,1.0
7.6,7.6,7.6,7.6,3.0
7.6,7.6,7.6,7.6,3.0
2.918527606955004,2.3969946948886562,4.56305954011593,3.3693154160632353,3.0
1.196217646667832,0.9870148209539065,4.56305954011593,3.3693154160632353,1.0
1.196217646667832,0.9870148209539065,2.9756891402038215,2.769404546554557,1.0
1.196217646667832,0.9870148209539065,2.9756891402038215,2.6954429325055416,1.0
1.196217646667832,1.0324980426937371,1.9086234824851265,2.2886540552359578,3.0
1.196217646667832,0.9870148209539065,1.7057928202741348,2.161275719929321,1.0
1.196217646667832,0.9870148209539065,1.194306802524678,1.8941921136412103,1.0
1.196217646667832,0.9870148209539065,1.0620259358653357,1.86542926373326,1.0
1.196217646667832,0.9870148209539065,1.0620259358653357,1.8407753923835883,1.0
1.196217646667832,0.9870148209539065,1.0620259358653357,1.812012542475638,1.0
1.2500398329268063,0.9870148209539065,0.33889053146093095,1.4997301720464626,1.0
1.2500398329268063,0.9870148209539065,0.1889722159136763,1.429877536555726,1.0
1.2500398329268063,0.9870148209539065,-0.013858446297315252,1.3353710297153178,1.0
1.2500398329268063,0.9870148209539065,-0.03149589518522755,1.3353710297153178,1.0
1.142395460408858,0.9870148209539065,1.3530438425158886,1.2038837158504019,1.0
1.142395460408858,0.9870148209539065,1.520599606951056,0.9655629594702418,1.0
1.142395460408858,0.9870148209539065,1.520599606951056,0.9450180666788488,1.0
1.196217646667832,0.9870148209539065,1.520599606951056,0.8916013454212265,1.0
1.196217646667832,0.9870148209539065,1.520599606951056,0.8546205383967189,1.0
1.142395460408858,0.9870148209539065,1.3530438425158886,0.6861524175072955,1.0
1.142395460408858,0.9870148209539065,1.3530438425158886,0.6532805890410667,1.0
1.088573274149884,0.9870148209539065,1.194306802524678,0.530011232292708,1.0
1.0347510878909099,0.9870148209539065,0.9385637936499495,0.4067418755443494,1.0
1.0347510878909099,0.9870148209539065,0.629908438111484,0.24238273321320447,1.0
1.0347510878909099,0.9870148209539065,0.5417211936719224,0.20951090474697542,1.0
0.9809289016319357,0.9415315992140758,0.4711713981202732,0.17253009772246797,3.0
1.0347510878909099,0.9870148209539065,0.33889053146093095,0.09856848367345272,1.0
1.0347510878909099,0.9870148209539065,0.23306583813345705,0.057478698090666525,1.0
1.0347510878909099,1.0324980426937371,0.039053900366421646,-0.02470087307490587,3.0
0.9809289016319357,0.9870148209539065,-0.013858446297315252,-0.053463722982856066,1.0
0.9809289016319357,0.9870148209539065,-0.03149589518522755,-0.06989963721597059,1.0
0.9809289016319357,0.9870148209539065,-0.05795206851709622,-0.07811759433252785,1.0
0.9809289016319357,0.9415315992140758,-0.1108644151808329,-0.10277146568219964,3.0
1.142395460408858,0.9870148209539065,0.5417211936719224,0.21772886186353269,1.0
1.142395460408858,0.9870148209539065,0.5417211936719224,0.21772886186353269,1.0
1.142395460408858,0.9870148209539065,0.5417211936719224,0.21772886186353269,1.0
1.142395460408858,0.9870148209539065,0.5417211936719224,0.21772886186353269,1.0
1.2500398329268063,-2.924542248671527,-0.21668910850830692,0.19718396907213953,2.0
1.4115063917037287,1.0779812644335676,0.4711713981202732,0.19718396907213953,3.0
1.196217646667832,0.9870148209539065,1.3530438425158886,0.17253009772246797,1.0
1.142395460408858,0.9870148209539065,1.9086234824851265,0.07802359088205968,1.0
1.196217646667832,0.9870148209539065,1.7057928202741348,-0.03291883019146291,1.0
1.142395460408858,0.9870148209539065,1.520599606951056,-0.12742533703187142,1.0
1.142395460408858,0.9870148209539065,1.3530438425158886,-0.20960490819744382,1.0
1.088573274149884,0.9870148209539065,1.194306802524678,-0.2794575436881803,1.0
1.088573274149884,0.9870148209539065,1.0620259358653357,-0.3452012006206382,1.0
1.0347510878909099,0.9415315992140758,0.8239203758785194,-0.4684705573689969,3.0
1.088573274149884,0.9870148209539065,0.8239203758785194,-0.47668851448555416,1.0
1.088573274149884,0.9870148209539065,0.7180956825510456,-0.509560342951783,1.0
1.088573274149884,1.0324980426937371,0.629908438111484,-0.5383231928597334,3.0
0.8194623428550133,7.6,7.6,1.3846787724146612,3.0
7.6,7.6,7.6,7.6,3.0
3.2952829107678228,7.6,7.6,1.1422490374762224,3.0
7.6,2.1240953644496723,0.5417211936719224,7.6,3.0
7.6,0.9870148209539065,0.5417211936719224,7.6,1.0
7.6,0.9870148209539065,0.5417211936719224,7.6,1.0
7.6,0.9415315992140758,0.5417211936719224,7.6,3.0
7.6,0.9870148209539065,0.5417211936719224,7.6,1.0
7.6,0.9870148209539065,0.5417211936719224,7.6,1.0
7.6,0.9870148209539065,0.5417211936719224,7.6,1.0
7.6,1.0324980426937371,0.5417211936719224,7.6,3.0
7.6,0.9870148209539065,0.5417211936719224,7.6,1.0
7.6,0.9870148209539065,0.5417211936719224,7.6,1.0
7.6,0.9870148209539065,0.5417211936719224,7.6,1.0
7.6,0.9870148209539065,0.5417211936719224,7.6,1.0
7.6,0.9870148209539065,0.5417211936719224,7.6,1.0
7.6,0.9870148209539065,0.5417211936719224,7.6,1.0
7.6,0.9870148209539065,0.5417211936719224,7.6,1.0
7.6,0.9870148209539065,0.5417211936719224,7.6,1.0
7.6,0.9415315992140758,0.5417211936719224,7.6,3.0
7.6,0.9870148209539065,0.5417211936719224,7.6,1.0
7.6,0.9870148209539065,0.5417211936719224,7.6,1.0
7.6,0.9870148209539065,0.5417211936719224,7.6,1.0
7.6,-0.10458250080202847,0.5417211936719224,7.6,3.0
7.6,1.3508805948725513,0.4711713981202732,7.6,3.0
7.6,1.0779812644335676,0.4711713981202732,7.6,3.0
7.6,-0.19554894428168978,0.5417211936719224,7.6,3.0
7.6,7.6,7.6,7.6,3.0
7.6,-0.6958643834198266,0.8239203758785194,7.6,3.0
0.1735961077473237,0.8050819339945839,1.194306802524678,1.1011592518934363,3.0
0.8732845291139875,0.9415315992140758,2.137910318027987,1.1011592518934363,3.0
1.142395460408858,0.9870148209539065,3.310800669074155,0.9819988737033563,1.0
1.142395460408858,0.9870148209539065,3.310800669074155,0.9450180666788488,1.0
1.088573274149884,0.9870148209539065,3.310800669074155,0.8710564526298334,1.0
1.088573274149884,0.9870148209539065,2.9756891402038215,0.6861524175072955,1.0
1.088573274149884,0.9870148209539065,2.9756891402038215,0.6532805890410667,1.0
1.088573274149884,0.9870148209539065,2.137910318027987,0.1519852049310748,1.0
1.088573274149884,0.9870148209539065,2.137910318027987,0.11911337646484577,1.0
1.0347510878909099,0.9870148209539065,1.7057928202741348,-4.700172523408597E-5,1.0
1.0347510878909099,0.9870148209539065,1.7057928202741348,-0.053463722982856066,1.0
0.9809289016319357,0.9870148209539065,1.520599606951056,-0.14386125126498572,1.0
0.9809289016319357,0.9870148209539065,1.3530438425158886,-0.1808420582894934,1.0
0.7656401565960391,0.9870148209539065,0.629908438111484,-0.5177783000683405,1.0
2.003550440552444,1.6692631470513657,3.69000582016427,3.1186677240082394,3.0
1.3038620191857804,1.0324980426937371,3.69000582016427,3.1186677240082394,3.0
1.2500398329268063,0.9870148209539065,3.69000582016427,3.1186677240082394,1.0
1.2500398329268063,0.9870148209539065,3.69000582016427,2.9995073458181594,1.0
1.2500398329268063,0.9870148209539065,2.9756891402038215,2.769404546554557,1.0
1.2500398329268063,0.9870148209539065,2.9756891402038215,2.769404546554557,1.0
1.2500398329268063,0.9870148209539065,1.9086234824851265,2.2886540552359578,1.0
1.2500398329268063,0.9870148209539065,1.9086234824851265,2.2886540552359578,1.0
1.2500398329268063,0.9870148209539065,1.520599606951056,2.070878191647191,1.0
1.2500398329268063,0.9870148209539065,0.7180956825510456,1.7051790999603935,1.0
1.3038620191857804,0.9870148209539065,0.4711713981202732,1.549037914745806,1.0
1.196217646667832,0.9415315992140758,0.33889053146093095,1.5243840433961344,3.0
1.2500398329268063,0.9870148209539065,0.33889053146093095,1.5243840433961344,1.0
1.2500398329268063,0.9870148209539065,0.10960369591807073,1.4052236652060541,1.0
1.3038620191857804,0.9870148209539065,-0.03149589518522755,1.3353710297153178,1.0
1.3038620191857804,0.9870148209539065,-0.05795206851709622,1.3148261369239247,1.0
1.3038620191857804,0.9415315992140758,-0.05795206851709622,1.3148261369239247,3.0
1.4115063917037287,0.9415315992140758,1.0620259358653357,1.3148261369239247,3.0
1.4653285779627028,1.0324980426937371,1.194306802524678,1.2942812441325315,3.0
1.4653285779627028,0.9870148209539065,2.137910318027987,1.2285375872000737,1.0
1.4653285779627028,0.9870148209539065,2.137910318027987,1.1627939302676156,1.0
1.5191507642216768,0.9870148209539065,2.137910318027987,1.0806143591020432,1.0
1.5191507642216768,0.9870148209539065,2.137910318027987,1.06006946631065,1.0
1.5191507642216768,0.9415315992140758,2.137910318027987,0.9285821524457343,3.0
1.5191507642216768,0.9870148209539065,2.137910318027987,0.9285821524457343,1.0
1.5729729504806509,0.9870148209539065,2.137910318027987,0.8176397313722115,1.0
1.5729729504806509,0.9870148209539065,2.137910318027987,0.7683319886728679,1.0
1.5729729504806509,0.9870148209539065,1.9086234824851265,0.7149152674152459,1.0
1.6806173229985992,0.9870148209539065,1.520599606951056,0.46015859680197124,1.0
1.6806173229985992,0.9870148209539065,1.194306802524678,0.35332515428672717,1.0
1.7882616955165473,0.9415315992140758,0.9385637936499495,0.19718396907213953,3.0
1.8420838817755216,0.9870148209539065,0.8239203758785194,0.18485703339730386,1.0
1.8420838817755216,0.9870148209539065,0.7180956825510456,0.11911337646484577,1.0
1.8959060680344955,0.9415315992140758,0.629908438111484,0.07802359088205968,3.0
2.003550440552444,0.9870148209539065,0.5417211936719224,0.04104278385755211,1.0
2.003550440552444,0.9870148209539065,0.5417211936719224,0.04104278385755211,1.0
2.057372626811418,0.9415315992140758,0.400621602568624,-0.045245765866298804,3.0
2.2188391855883403,0.9870148209539065,0.2771594603532378,-0.08633555144908533,1.0
2.487950116883211,0.9415315992140758,0.14487859369389544,-0.1685151226146575,3.0
2.487950116883211,0.9415315992140758,0.14487859369389544,-0.1685151226146575,3.0
2.541772303142185,0.9870148209539065,0.14487859369389544,-0.1685151226146575,1.0
2.595594489401159,1.0324980426937371,0.07432879814224613,-0.18906001540605066,3.0
2.6494166756601336,1.0324980426937371,0.07432879814224613,-0.18906001540605066,3.0
2.2188391855883403,1.1234644861733982,0.5417211936719224,0.09035052655689557,3.0
2.057372626811418,0.9870148209539065,0.5417211936719224,0.09035052655689557,1.0
2.057372626811418,0.9870148209539065,0.5417211936719224,0.09035052655689557,1.0
3.349105097026797,2.578927581847978,2.393653326902715,2.420141369100874,3.0
1.4653285779627028,0.9870148209539065,2.667033784665356,2.420141369100874,1.0
1.5191507642216768,0.9870148209539065,2.393653326902715,2.2229103983035,1.0
1.5191507642216768,0.9870148209539065,2.393653326902715,2.1284038914630923,1.0
1.5191507642216768,0.9870148209539065,2.393653326902715,2.038006363180962,1.0
1.5729729504806509,0.9870148209539065,1.3530438425158886,1.5243840433961344,1.0
1.626795136739625,0.9870148209539065,1.0620259358653357,1.3846787724146612,1.0
1.6806173229985992,1.0324980426937371,0.8239203758785194,1.2942812441325315,3.0
1.626795136739625,0.9870148209539065,0.8239203758785194,1.2942812441325315,1.0
1.6806173229985992,0.9870148209539065,0.5417211936719224,1.1422490374762224,1.0
1.7344395092575735,1.0324980426937371,0.400621602568624,1.0806143591020432,3.0
1.6806173229985992,0.9870148209539065,0.400621602568624,1.0806143591020432,1.0
1.6806173229985992,0.9415315992140758,0.23306583813345705,1.0025437664947494,3.0
1.7344395092575735,0.9870148209539065,0.14487859369389544,0.9655629594702418,1.0
1.7344395092575735,0.9870148209539065,0.10960369591807073,0.9450180666788488,1.0
1.7882616955165473,0.9870148209539065,0.07432879814224613,0.9285821524457343,1.0
1.7344395092575735,0.9415315992140758,0.039053900366421646,0.9080372596543412,3.0
1.7344395092575735,0.9870148209539065,0.012597727034553086,0.9080372596543412,1.0
1.7344395092575735,1.0324980426937371,-0.013858446297315252,0.8916013454212265,3.0
1.6806173229985992,0.9870148209539065,-0.013858446297315252,0.8916013454212265,1.0
1.6806173229985992,0.9870148209539065,-0.03149589518522755,0.8710564526298334,1.0
1.7882616955165473,0.9870148209539065,-0.05795206851709622,0.8710564526298334,1.0
1.7882616955165473,-6.745132874817301,-0.1108644151808329,0.8546205383967189,3.0
0.4965292253011685,-7.018032205256285,-0.21668910850830692,1.6024546360034282,2.0
0.4965292253011685,7.218216199310702,-0.21668910850830692,1.6024546360034282,2.0
0.4965292253011685,7.218216199310702,-0.21668910850830692,1.6024546360034282,2.0
0.4965292253011685,7.218216199310702,-0.21668910850830692,1.6024546360034282,2.0
0.4965292253011685,7.218216199310702,-0.21668910850830692,1.6024546360034282,2.0
0.4965292253011685,7.218216199310702,-0.21668910850830692,1.6024546360034282,2.0
0.4965292253011685,7.263699421050533,-0.21668910850830692,1.6024546360034282,2.0
0.4965292253011685,7.263699421050533,-0.21668910850830692,1.6024546360034282,2.0
0.4965292253011685,7.263699421050533,-0.21668910850830692,1.6024546360034282,2.0
0.4965292253011685,7.309182642790363,-0.21668910850830692,1.6024546360034282,2.0
0.4965292253011685,7.309182642790363,-0.21668910850830692,1.6024546360034282,2.0
0.4965292253011685,7.400149086270024,-0.21668910850830692,1.6024546360034282,2.0
0.4965292253011685,7.445632308009855,-0.21668910850830692,1.6024546360034282,2.0
0.4965292253011685,7.445632308009855,-0.21668910850830692,1.6024546360034282,2.0
0.4965292253011685,7.5365987514895165,-0.21668910850830692,1.6024546360034282,2.0
0.4965292253011685,7.5820819732293465,-0.21668910850830692,1.6024546360034282,2.0
0.4965292253011685,7.5820819732293465,-0.21668910850830692,1.6024546360034282,2.0
0.4965292253011685,0.48669938181576955,0.10960369591807073,1.6024546360034282,3.0
1.142395460408858,0.8960483774742452,0.33889053146093095,1.6024546360034282,3.0
1.7344395092575735,0.39573293833610823,-0.03149589518522755,1.5736917860954778,3.0
0.6041735978191167,0.21380005137678582,0.629908438111484,1.5736917860954778,3.0
1.3576842054447544,0.9870148209539065,1.7057928202741348,1.5736917860954778,1.0
1.3576842054447544,0.9870148209539065,1.7057928202741348,1.4997301720464626,1.0
1.4115063917037287,0.9870148209539065,1.7057928202741348,1.4052236652060541,1.0
1.4115063917037287,0.9415315992140758,1.7057928202741348,1.3846787724146612,3.0
1.4115063917037287,0.9415315992140758,1.3530438425158886,1.2038837158504019,3.0
1.4653285779627028,0.9870148209539065,1.3530438425158886,1.2038837158504019,1.0
1.4653285779627028,0.9870148209539065,1.520599606951056,1.2038837158504019,1.0
1.4653285779627028,0.9870148209539065,1.194306802524678,1.1011592518934363,1.0
1.5191507642216768,0.9415315992140758,0.5417211936719224,0.7518960744397535,3.0
1.5729729504806509,0.9870148209539065,0.5417211936719224,0.7518960744397535,1.0
1.5729729504806509,1.0324980426937371,0.400621602568624,0.6861524175072955,3.0
1.626795136739625,0.9870148209539065,0.33889053146093095,0.6368446748079521,1.0
1.626795136739625,0.9415315992140758,0.2771594603532378,0.6204087605748377,3.0
2.2726613718473145,-5.016770448703737,-0.013858446297315252,0.5464471465258224,3.0
2.2726613718473145,7.6,7.6,0.5464471465258224,3.0
3.1876385382498746,7.6,7.6,0.5464471465258224,3.0
-1.064314176209081,7.6,7.6,0.5464471465258224,3.0
0.9271067153729615,0.9870148209539065,2.667033784665356,1.9229549635491607,1.0
0.9271067153729615,0.9870148209539065,2.667033784665356,1.9229549635491607,1.0
0.9271067153729615,0.9870148209539065,2.667033784665356,1.86542926373326,1.0
0.9271067153729615,0.9870148209539065,2.393653326902715,1.6024546360034282,1.0
0.8732845291139875,0.9870148209539065,1.520599606951056,1.2038837158504019,1.0
0.8732845291139875,0.9870148209539065,1.520599606951056,1.1627939302676156,1.0
0.8732845291139875,0.9870148209539065,1.3530438425158886,1.1011592518934363,1.0
0.7656401565960391,0.9415315992140758,1.194306802524678,1.0395245735192569,3.0
0.8194623428550133,0.9870148209539065,1.194306802524678,1.0395245735192569,1.0
0.8194623428550133,0.9870148209539065,1.0620259358653357,0.9285821524457343,1.0
0.7118179703370651,0.9870148209539065,0.33889053146093095,0.6204087605748377,1.0
0.7118179703370651,0.9415315992140758,0.33889053146093095,0.6039728463417231,3.0
0.8194623428550133,1.0324980426937371,0.33889053146093095,0.6039728463417231,3.0
0.7656401565960391,1.0324980426937371,0.23306583813345705,0.5587740822006584,3.0
0.7118179703370651,1.0324980426937371,0.1889722159136763,0.5464471465258224,3.0
0.7118179703370651,1.0324980426937371,0.1889722159136763,0.5464471465258224,3.0
0.6041735978191167,0.9415315992140758,0.1889722159136763,0.5464471465258224,3.0
0.6579957840780909,0.9870148209539065,0.1889722159136763,0.5464471465258224,1.0
0.7118179703370651,0.9870148209539065,0.012597727034553086,0.46015859680197124,1.0
0.8194623428550133,0.9870148209539065,-0.03149589518522755,0.44372268256885683,1.0
