-7.0,301.5,301.5,26.8,1.0
301.5,301.5,301.5,301.5,1.0
301.5,301.5,301.5,301.5,1.0
301.5,301.5,301.5,301.5,1.0
28.0,33.0,28.1,80.8,1.0
-2.0,3.0,28.1,80.8,1.0
-4.0,1.0,28.1,80.8,2.0
-4.0,1.0,28.1,80.8,2.0
-4.0,1.0,28.1,80.8,2.0
-4.0,1.0,28.1,80.8,2.0
-4.0,1.0,28.1,80.8,2.0
-4.0,1.0,28.1,80.8,2.0
-4.0,1.0,28.1,80.8,2.0
-4.0,1.0,28.1,80.8,2.0
-4.0,1.0,28.1,80.8,2.0
-4.0,1.0,28.1,80.8,2.0
-4.0,1.0,28.1,80.8,2.0
-4.0,1.0,28.1,80.8,2.0
-4.0,1.0,28.1,80.8,2.0
-4.0,1.0,28.1,80.8,2.0
-4.0,1.0,28.1,80.8,2.0
-4.0,1.0,28.1,80.8,2.0
-4.0,1.0,28.1,80.8,2.0
-4.0,1.0,28.1,80.8,2.0
-4.0,1.0,28.1,80.8,2.0
-4.0,1.0,28.1,80.8,2.0
-4.0,1.0,28.1,80.8,2.0
-4.0,1.0,28.1,80.8,2.0
-4.0,1.0,28.1,80.8,2.0
-4.0,1.0,28.1,80.8,2.0
-4.0,1.0,28.1,80.8,2.0
-4.0,1.0,28.1,80.8,2.0
-4.0,1.0,28.1,80.8,2.0
-4.0,1.0,28.1,80.8,2.0
-4.0,1.0,28.1,80.8,2.0
-4.0,1.0,28.1,80.8,2.0
-4.0,1.0,28.1,80.8,2.0
-4.0,1.0,28.1,80.8,2.0
-4.0,1.0,28.1,80.8,2.0
-4.0,1.0,28.1,80.8,2.0
-4.0,1.0,28.1,80.8,2.0
-4.0,1.0,28.1,80.8,2.0
-4.0,1.0,28.1,80.8,2.0
-4.0,1.0,28.1,80.8,2.0
-4.0,1.0,28.1,80.8,2.0
-4.0,1.0,28.1,80.8,2.0
-4.0,1.0,28.1,80.8,2.0
-4.0,1.0,28.1,80.8,2.0
-4.0,1.0,28.1,80.8,2.0
-4.0,1.0,28.1,80.8,2.0
-4.0,1.0,28.1,80.8,2.0
-4.0,1.0,28.1,80.8,2.0
-4.0,1.0,28.1,80.8,2.0
-4.0,1.0,28.1,80.8,2.0
-4.0,1.0,28.1,80.8,2.0
-4.0,1.0,28.1,80.8,2.0
-4.0,1.0,28.1,80.8,2.0
-4.0,1.0,28.1,80.8,2.0
-4.0,1.0,28.1,80.8,2.0
-4.0,1.0,28.1,80.8,2.0
-4.0,1.0,28.1,80.8,2.0
-4.0,1.0,28.1,80.8,2.0
-4.0,1.0,28.1,80.8,2.0
-4.0,1.0,28.1,80.8,2.0
-4.0,1.0,28.1,80.8,2.0
-4.0,1.0,28.1,80.8,2.0
-4.0,1.0,28.1,80.8,2.0
-4.0,1.0,28.1,80.8,2.0
-4.0,1.0,28.1,80.8,2.0
-4.0,1.0,28.1,80.8,2.0
-4.0,1.0,28.1,80.8,2.0
-4.0,1.0,28.1,80.8,2.0
-4.0,1.0,28.1,80.8,2.0
-4.0,1.0,28.1,80.8,2.0
-4.0,1.0,28.1,80.8,2.0
-4.0,1.0,28.1,80.8,2.0
-4.0,1.0,28.1,80.8,2.0
-4.0,1.0,28.1,80.8,2.0
-4.0,1.0,28.1,80.8,2.0
-4.0,1.0,28.1,80.8,2.0
-4.0,1.0,28.1,80.8,2.0
-4.0,1.0,28.1,80.8,2.0
-4.0,1.0,28.1,80.8,2.0
-4.0,1.0,28.1,80.8,2.0
-4.0,1.0,28.1,80.8,2.0
-4.0,1.0,28.1,80.8,2.0
-4.0,1.0,28.1,80.8,2.0
-4.0,1.0,28.1,80.8,2.0
-4.0,1.0,28.1,80.8,2.0
-4.0,1.0,28.1,80.8,2.0
-4.0,1.0,28.1,80.8,2.0
-4.0,1.0,28.1,80.8,2.0
-4.0,1.0,28.1,80.8,2.0
-4.0,1.0,28.1,80.8,2.0
-4.0,1.0,28.1,80.8,2.0
-4.0,1.0,28.1,80.8,2.0
-4.0,1.0,28.1,80.8,2.0
-4.0,1.0,28.1,80.8,2.0
-4.0,1.0,28.1,80.8,2.0
-4.0,1.0,28.1,80.8,2.0
-4.0,1.0,28.1,80.8,2.0
-4.0,1.0,28.1,80.8,2.0
-4.0,1.0,28.1,80.8,2.0
-4.0,1.0,28.1,80.8,2.0
-4.0,1.0,28.1,80.8,2.0
-4.0,1.0,28.1,80.8,2.0
-4.0,1.0,28.1,80.8,2.0
-4.0,1.0,28.1,80.8,2.0
-4.0,1.0,28.1,80.8,2.0
-4.0,1.0,28.1,80.8,2.0
-4.0,1.0,28.1,80.8,2.0
-4.0,1.0,28.1,80.8,2.0
-4.0,1.0,28.1,80.8,2.0
-4.0,1.0,28.1,80.8,2.0
-4.0,1.0,28.1,80.8,2.0
-4.0,1.0,28.1,80.8,2.0
-4.0,1.0,28.1,80.8,2.0
-4.0,1.0,28.1,80.8,2.0
-4.0,1.0,28.1,80.8,2.0
-4.0,1.0,28.1,80.8,2.0
-4.0,1.0,28.1,80.8,2.0
-4.0,1.0,28.1,80.8,2.0
-4.0,1.0,28.1,80.8,2.0
-4.0,1.0,28.1,80.8,2.0
-4.0,1.0,28.1,80.8,2.0
-4.0,1.0,28.1,80.8,2.0
-4.0,1.0,28.1,80.8,2.0
-4.0,1.0,28.1,80.8,2.0
-4.0,1.0,28.1,80.8,2.0
-4.0,1.0,28.1,80.8,2.0
-4.0,1.0,28.1,80.8,2.0
-4.0,1.0,28.1,80.8,2.0
-4.0,1.0,28.1,80.8,2.0
-4.0,1.0,28.1,80.8,2.0
-4.0,1.0,28.1,80.0,2.0
-4.0,1.0,25.5,78.5,2.0
-4.0,1.0,25.5,77.7,2.0
-4.0,1.0,25.5,76.9,2.0
-4.0,1.0,23.2,76.2,2.0
-4.0,1.0,23.2,74.7,2.0
-4.0,1.0,21.1,74.0,2.0
-4.0,1.0,21.1,72.5,2.0
-5.0,0.0,19.2,71.8,1.0
-4.0,1.0,19.2,71.8,2.0
-4.0,1.0,19.2,70.4,2.0
-4.0,1.0,17.4,69.7,2.0
-4.0,1.0,15.9,69.0,2.0
-4.0,2.0,15.9,67.7,1.0
-5.0,1.0,15.9,67.7,2.0
-5.0,1.0,14.5,67.0,2.0
-5.0,1.0,13.2,65.7,2.0
-5.0,1.0,12.0,65.1,2.0
-5.0,1.0,12.0,64.4,2.0
-5.0,1.0,10.0,63.2,2.0
-5.0,1.0,10.0,63.2,2.0
-5.0,1.0,10.0,63.2,2.0
-5.0,1.0,10.0,63.2,2.0
-5.0,1.0,10.0,63.2,2.0
-5.0,1.0,10.0,63.2,2.0
-5.0,1.0,10.0,63.2,2.0
-5.0,1.0,10.0,63.2,2.0
-5.0,1.0,10.0,63.2,2.0
-5.0,2.0,10.0,63.2,1.0
-6.0,1.0,10.0,63.2,2.0
-6.0,1.0,10.0,63.2,2.0
-6.0,1.0,10.0,63.2,2.0
-6.0,0.0,10.0,63.2,1.0
-5.0,1.0,10.0,63.2,2.0
-5.0,1.0,10.0,63.2,2.0
-5.0,1.0,10.0,63.2,2.0
-5.0,1.0,10.0,63.2,2.0
-5.0,0.0,10.0,63.2,1.0
-4.0,2.0,10.0,63.2,1.0
-5.0,1.0,10.0,63.2,2.0
-5.0,1.0,10.0,63.2,2.0
-5.0,1.0,10.0,63.2,2.0
-5.0,1.0,10.0,63.2,2.0
-5.0,1.0,10.0,63.2,2.0
-5.0,0.0,10.0,63.2,1.0
-5.0,1.0,10.0,63.2,2.0
-5.0,1.0,10.0,63.2,2.0
-5.0,1.0,10.0,63.2,2.0
-5.0,1.0,10.0,63.2,2.0
-5.0,1.0,10.0,63.2,2.0
-4.0,1.0,10.0,63.2,2.0
-4.0,2.0,10.0,63.2,1.0
-5.0,1.0,10.0,63.2,2.0
-5.0,1.0,10.0,63.2,2.0
-5.0,3.0,7.7,61.9,1.0
-7.0,64.0,1.9,61.9,3.0
-7.0,42.0,2.0,61.9,3.0
-7.0,7.0,3.7,61.9,1.0
-12.0,-10.0,9.2,61.9,1.0
-2.0,-2.0,12.0,61.9,1.0
1.0,1.0,13.2,61.9,2.0
1.0,0.0,15.9,60.7,1.0
2.0,0.0,17.4,60.7,1.0
3.0,1.0,19.2,60.7,2.0
3.0,1.0,21.1,60.1,2.0
3.0,1.0,21.1,59.0,2.0
3.0,1.0,21.1,58.4,2.0
3.0,1.0,21.1,57.3,2.0
3.0,1.0,21.1,56.1,2.0
3.0,1.0,21.1,55.6,2.0
3.0,1.0,21.1,54.0,2.0
3.0,1.0,21.1,52.9,2.0
3.0,1.0,19.2,52.4,2.0
3.0,1.0,19.2,50.9,2.0
3.0,2.0,19.2,49.9,1.0
2.0,1.0,19.2,49.9,2.0
2.0,1.0,19.2,48.9,2.0
3.0,1.0,17.4,48.0,2.0
3.0,1.0,17.4,47.1,2.0
3.0,1.0,15.9,46.2,2.0
3.0,1.0,15.9,45.3,2.0
3.0,1.0,15.9,44.4,2.0
3.0,1.0,14.5,43.1,2.0
3.0,0.0,13.2,42.3,1.0
3.0,1.0,13.2,41.9,2.0
3.0,1.0,13.2,41.0,2.0
3.0,1.0,12.0,40.3,2.0
4.0,1.0,11.0,39.5,2.0
4.0,1.0,11.0,39.1,2.0
4.0,1.0,10.0,38.3,2.0
4.0,1.0,10.0,38.0,2.0
4.0,1.0,9.2,37.2,2.0
4.0,2.0,9.2,36.9,1.0
3.0,1.0,9.2,36.9,2.0
3.0,1.0,8.4,36.5,2.0
3.0,1.0,8.4,36.2,2.0
3.0,2.0,7.7,35.8,1.0
2.0,0.0,7.7,35.8,1.0
3.0,1.0,7.7,35.5,2.0
3.0,1.0,7.7,35.1,2.0
3.0,1.0,7.0,34.8,2.0
3.0,1.0,7.0,34.4,2.0
3.0,1.0,6.5,34.1,2.0
3.0,1.0,6.0,33.5,2.0
3.0,1.0,5.5,32.8,2.0
4.0,2.0,5.1,32.8,1.0
3.0,1.0,5.1,32.8,2.0
3.0,1.0,4.7,32.5,2.0
3.0,2.0,4.7,32.2,1.0
2.0,0.0,4.7,32.2,1.0
3.0,1.0,4.7,32.2,2.0
3.0,1.0,4.3,31.9,2.0
3.0,2.0,4.3,31.9,1.0
2.0,1.0,4.3,31.9,2.0
2.0,2.0,4.0,31.6,1.0
1.0,1.0,4.0,31.6,2.0
1.0,1.0,3.7,31.3,2.0
1.0,2.0,3.5,31.3,1.0
0.0,1.0,3.5,31.3,2.0
0.0,2.0,3.5,31.0,1.0
-1.0,0.0,3.2,31.0,1.0
0.0,1.0,3.2,31.0,2.0
0.0,2.0,3.2,30.7,1.0
-1.0,1.0,3.0,30.7,2.0
-1.0,2.0,3.0,30.7,1.0
-2.0,1.0,3.0,30.7,2.0
-2.0,1.0,2.8,30.4,2.0
-2.0,2.0,2.8,30.4,1.0
-3.0,61.0,1.4,30.4,3.0
-3.0,4.0,3.7,30.4,1.0
-6.0,-3.0,10.0,30.4,1.0
-2.0,0.0,14.5,30.4,1.0
-1.0,1.0,15.9,30.4,2.0
-1.0,1.0,19.2,29.8,2.0
-1.0,0.0,21.1,29.2,1.0
0.0,1.0,23.2,29.2,2.0
0.0,0.0,25.5,28.4,1.0
1.0,1.0,28.1,28.4,2.0
1.0,1.0,28.1,27.8,2.0
1.0,0.0,28.1,27.0,1.0
2.0,2.0,28.1,27.0,1.0
1.0,1.0,28.1,27.0,2.0
1.0,1.0,25.5,26.3,2.0
1.0,1.0,25.5,25.5,2.0
1.0,1.0,25.5,25.0,2.0
1.0,1.0,25.5,24.1,2.0
1.0,1.0,23.2,23.2,2.0
1.0,1.0,23.2,22.5,2.0
1.0,1.0,23.2,21.9,2.0
1.0,1.0,21.1,21.1,2.0
1.0,1.0,21.1,20.3,2.0
1.0,1.0,19.2,19.5,2.0
1.0,0.0,19.2,19.0,1.0
2.0,1.0,19.2,19.0,2.0
2.0,1.0,19.2,18.1,2.0
2.0,2.0,17.4,17.4,1.0
1.0,1.0,17.4,17.4,2.0
1.0,0.0,17.4,16.8,1.0
2.0,1.0,17.4,16.8,2.0
1.0,1.0,15.9,16.2,2.0
2.0,1.0,15.9,14.9,2.0
2.0,1.0,14.5,13.8,2.0
2.0,1.0,13.2,13.2,2.0
7.0,301.5,301.5,57.8,1.0
-28.0,30.0,10.0,57.8,1.0
301.5,2.0,10.0,301.5,1.0
301.5,1.0,10.0,301.5,2.0
301.5,1.0,10.0,301.5,2.0
301.5,1.0,10.0,301.5,2.0
301.5,1.0,10.0,301.5,2.0
301.5,1.0,10.0,301.5,2.0
301.5,2.0,10.0,301.5,1.0
301.5,1.0,10.0,301.5,2.0
301.5,1.0,10.0,301.5,2.0
301.5,1.0,10.0,301.5,2.0
301.5,1.0,10.0,301.5,2.0
301.5,1.0,10.0,301.5,2.0
301.5,1.0,10.0,301.5,2.0
301.5,1.0,10.0,301.5,2.0
301.5,1.0,10.0,301.5,2.0
301.5,0.0,10.0,301.5,1.0
301.5,1.0,10.0,301.5,2.0
301.5,1.0,10.0,301.5,2.0
301.5,1.0,10.0,301.5,2.0
301.5,2.0,10.0,301.5,1.0
301.5,1.0,10.0,301.5,2.0
301.5,1.0,10.0,301.5,2.0
301.5,1.0,10.0,301.5,2.0
301.5,1.0,10.0,301.5,2.0
301.5,1.0,10.0,301.5,2.0
301.5,1.0,10.0,301.5,2.0
301.5,1.0,10.0,301.5,2.0
301.5,2.0,10.0,301.5,1.0
301.5,1.0,10.0,301.5,2.0
301.5,1.0,10.0,301.5,2.0
301.5,1.0,10.0,301.5,2.0
301.5,1.0,10.0,301.5,2.0
301.5,1.0,10.0,301.5,2.0
301.5,1.0,10.0,301.5,2.0
301.5,1.0,10.0,301.5,2.0
301.5,1.0,10.0,301.5,2.0
301.5,1.0,10.0,301.5,2.0
301.5,2.0,10.0,301.5,1.0
301.5,1.0,10.0,301.5,2.0
301.5,1.0,10.0,301.5,2.0
301.5,1.0,10.0,301.5,2.0
301.5,1.0,10.0,301.5,2.0
301.5,0.0,10.0,301.5,1.0
301.5,1.0,10.0,301.5,2.0
301.5,1.0,10.0,301.5,2.0
301.5,1.0,10.0,301.5,2.0
301.5,1.0,10.0,301.5,2.0
301.5,1.0,10.0,301.5,2.0
301.5,2.0,10.0,301.5,1.0
301.5,1.0,10.0,301.5,2.0
301.5,2.0,10.0,301.5,1.0
301.5,1.0,10.0,301.5,2.0
301.5,1.0,10.0,301.5,2.0
301.5,1.0,10.0,301.5,2.0
301.5,0.0,10.0,301.5,1.0
301.5,1.0,10.0,301.5,2.0
301.5,1.0,10.0,301.5,2.0
301.5,1.0,10.0,301.5,2.0
301.5,1.0,10.0,301.5,2.0
301.5,2.0,10.0,301.5,1.0
301.5,1.0,10.0,301.5,2.0
301.5,1.0,10.0,301.5,2.0
301.5,1.0,10.0,301.5,2.0
301.5,1.0,10.0,301.5,2.0
301.5,1.0,10.0,301.5,2.0
301.5,1.0,10.0,301.5,2.0
301.5,1.0,10.0,301.5,2.0
301.5,1.0,10.0,301.5,2.0
301.5,1.0,10.0,301.5,2.0
301.5,1.0,10.0,301.5,2.0
301.5,0.0,10.0,301.5,1.0
301.5,1.0,10.0,301.5,2.0
301.5,14.0,10.0,301.5,1.0
301.5,33.0,10.0,301.5,1.0
301.5,14.0,11.0,301.5,1.0
301.5,22.0,13.2,301.5,1.0
32.0,7.0,15.9,50.9,1.0
26.0,4.0,17.4,50.9,1.0
23.0,6.0,21.1,50.9,1.0
18.0,4.0,21.1,50.9,1.0
15.0,1.0,23.2,50.9,2.0
15.0,3.0,23.2,49.9,1.0
13.0,2.0,25.5,50.4,1.0
13.0,2.0,25.5,50.4,1.0
12.0,2.0,28.1,50.4,1.0
11.0,2.0,28.1,50.4,1.0
10.0,1.0,28.1,50.4,2.0
10.0,1.0,28.1,49.4,2.0
10.0,2.0,28.1,48.5,1.0
9.0,1.0,28.1,48.5,2.0
9.0,2.0,28.1,47.5,1.0
9.0,1.0,28.1,47.1,2.0
9.0,1.0,28.1,46.6,2.0
9.0,1.0,28.1,46.2,2.0
9.0,2.0,28.1,45.3,1.0
8.0,1.0,28.1,45.3,2.0
9.0,1.0,28.1,44.4,2.0
9.0,1.0,25.5,43.1,2.0
9.0,1.0,25.5,42.7,2.0
9.0,2.0,25.5,41.4,1.0
8.0,1.0,25.5,41.4,2.0
8.0,1.0,23.2,40.6,2.0
9.0,1.0,23.2,39.5,2.0
9.0,1.0,21.1,38.3,2.0
9.0,1.0,21.1,37.6,2.0
9.0,1.0,21.1,36.5,2.0
10.0,1.0,19.2,35.5,2.0
10.0,1.0,19.2,34.8,2.0
10.0,1.0,17.4,33.5,2.0
10.0,1.0,15.9,32.5,2.0
11.0,1.0,15.9,31.9,2.0
11.0,1.0,14.5,31.0,2.0
11.0,1.0,14.5,30.1,2.0
11.0,1.0,13.2,29.5,2.0
12.0,1.0,12.0,28.4,2.0
12.0,1.0,12.0,27.6,2.0
12.0,1.0,11.0,27.0,2.0
12.0,1.0,11.0,26.5,2.0
13.0,1.0,10.0,26.0,2.0
13.0,0.0,9.2,25.5,1.0
14.0,1.0,9.2,25.0,2.0
14.0,1.0,8.4,24.6,2.0
14.0,1.0,8.4,24.1,2.0
14.0,1.0,7.7,23.6,2.0
15.0,1.0,7.0,23.0,2.0
15.0,1.0,6.5,22.5,2.0
16.0,1.0,5.5,21.7,2.0
16.0,1.0,5.5,21.5,2.0
16.0,2.0,5.5,21.3,1.0
15.0,-1.0,5.1,21.3,1.0
17.0,1.0,5.1,21.3,2.0
17.0,1.0,5.1,20.9,2.0
17.0,1.0,4.7,20.7,2.0
17.0,1.0,4.3,20.5,2.0
18.0,2.0,4.3,20.3,1.0
17.0,1.0,4.3,20.3,2.0
17.0,1.0,4.0,20.3,2.0
17.0,2.0,4.0,20.1,1.0
16.0,0.0,4.0,19.9,1.0
17.0,1.0,4.0,19.9,2.0
17.0,1.0,3.7,19.7,2.0
17.0,1.0,3.5,19.7,2.0
18.0,1.0,3.5,19.5,2.0
18.0,0.0,3.5,19.4,1.0
18.0,1.0,3.2,19.4,2.0
19.0,1.0,3.2,19.4,2.0
19.0,-41.0,1.8,19.4,1.0
-23.0,-25.0,9.2,19.4,1.0
5.0,4.0,15.9,19.4,1.0
2.0,1.0,19.2,19.4,2.0
2.0,1.0,19.2,18.8,2.0
2.0,1.0,19.2,18.3,2.0
2.0,1.0,17.4,17.4,2.0
2.0,1.0,17.4,16.8,2.0
1.0,0.0,17.4,16.5,1.0
2.0,1.0,17.4,16.5,2.0
2.0,1.0,15.9,15.9,2.0
2.0,1.0,15.9,15.0,2.0
2.0,1.0,14.5,14.3,2.0
3.0,1.0,14.5,13.6,2.0
3.0,2.0,13.2,12.4,1.0
3.0,1.0,13.2,12.2,2.0
3.0,1.0,12.0,11.6,2.0
3.0,1.0,11.0,10.5,2.0
1.0,-1.0,10.0,9.7,1.0
2.0,1.0,10.0,9.7,2.0
2.0,1.0,10.0,9.1,2.0
2.0,0.0,9.2,8.3,1.0
2.0,0.0,8.4,8.1,1.0
2.0,0.0,8.4,8.0,1.0
3.0,2.0,8.4,8.0,1.0
2.0,0.0,8.4,8.0,1.0
3.0,1.0,8.4,8.0,2.0
3.0,1.0,8.4,7.6,2.0
3.0,1.0,7.7,7.2,2.0
2.0,301.5,301.5,6.6,1.0
-25.0,301.5,301.5,6.5,1.0
301.5,301.5,301.5,301.5,1.0
301.5,301.5,301.5,301.5,1.0
33.0,33.0,45.7,100.5,1.0
2.0,3.0,45.7,100.5,1.0
0.0,0.0,45.7,100.5,1.0
1.0,2.0,45.7,100.5,1.0
0.0,0.0,45.7,100.5,1.0
1.0,1.0,45.7,100.5,2.0
1.0,2.0,45.7,99.5,1.0
1.0,1.0,45.7,99.5,2.0
1.0,1.0,45.7,98.5,2.0
1.0,1.0,45.7,97.5,2.0
1.0,1.0,45.7,96.6,2.0
1.0,1.0,41.4,95.6,2.0
1.0,1.0,41.4,94.7,2.0
1.0,1.0,41.4,93.8,2.0
1.0,1.0,41.4,92.8,2.0
1.0,1.0,41.4,91.9,2.0
1.0,1.0,37.6,91.0,2.0
1.0,1.0,37.6,91.0,2.0
1.0,1.0,37.6,90.1,2.0
1.0,1.0,37.6,89.2,2.0
1.0,1.0,37.6,88.4,2.0
1.0,1.0,34.1,87.5,2.0
1.0,1.0,34.1,87.5,2.0
1.0,1.0,34.1,86.6,2.0
1.0,1.0,34.1,86.6,2.0
1.0,2.0,31.0,84.9,1.0
0.0,1.0,31.0,84.9,2.0
0.0,1.0,31.0,84.9,2.0
0.0,1.0,31.0,83.3,2.0
0.0,1.0,31.0,82.5,2.0
0.0,1.0,31.0,82.5,2.0
0.0,1.0,28.1,80.8,2.0
0.0,1.0,28.1,80.0,2.0
0.0,1.0,28.1,79.3,2.0
0.0,2.0,25.5,79.3,1.0
-1.0,1.0,25.5,79.3,2.0
-1.0,1.0,25.5,78.5,2.0
-1.0,1.0,25.5,76.9,2.0
-1.0,1.0,23.2,76.2,2.0
-1.0,1.0,23.2,76.2,2.0
-1.0,1.0,23.2,74.7,2.0
-1.0,1.0,21.1,74.0,2.0
-1.0,1.0,21.1,73.2,2.0
-1.0,1.0,21.1,73.2,2.0
-1.0,1.0,19.2,71.8,2.0
-1.0,1.0,19.2,71.8,2.0
-1.0,1.0,19.2,71.1,2.0
-1.0,1.0,17.4,70.4,2.0
-1.0,1.0,17.4,70.4,2.0
-1.0,1.0,17.4,69.0,2.0
-1.0,1.0,15.9,68.4,2.0
-1.0,1.0,15.9,68.4,2.0
-1.0,1.0,14.5,67.7,2.0
-1.0,1.0,14.5,66.4,2.0
-1.0,2.0,13.2,65.7,1.0
-2.0,1.0,13.2,65.7,2.0
-2.0,1.0,13.2,65.1,2.0
-2.0,1.0,12.0,65.1,2.0
-2.0,0.0,11.0,63.2,1.0
-1.0,1.0,11.0,63.2,2.0
-1.0,2.0,10.0,62.6,1.0
-2.0,1.0,10.0,62.6,2.0
-2.0,1.0,9.2,61.9,2.0
-2.0,1.0,9.2,61.9,2.0
-2.0,2.0,8.4,61.3,1.0
-3.0,1.0,8.4,61.3,2.0
-3.0,1.0,8.4,61.3,2.0
-3.0,1.0,7.7,60.1,2.0
-3.0,2.0,7.0,59.6,1.0
-3.0,2.0,7.0,59.6,1.0
-5.0,0.0,7.0,59.6,1.0
-4.0,1.0,7.0,59.6,2.0
-4.0,1.0,7.0,59.6,2.0
-4.0,0.0,6.0,58.4,1.0
-3.0,1.0,6.0,58.4,2.0
-3.0,1.0,6.0,58.4,2.0
-3.0,1.0,7.7,57.8,2.0
-3.0,1.0,11.0,57.8,2.0
-3.0,1.0,13.2,57.8,2.0
-3.0,1.0,17.4,56.1,2.0
-3.0,2.0,19.2,55.6,1.0
-3.0,2.0,21.1,55.6,1.0
-5.0,0.0,23.2,55.6,1.0
-4.0,2.0,25.5,55.6,1.0
-5.0,1.0,25.5,55.6,2.0
-5.0,1.0,28.1,54.5,2.0
-5.0,1.0,28.1,54.0,2.0
-5.0,1.0,31.0,54.0,2.0
-5.0,1.0,31.0,52.9,2.0
-5.0,1.0,31.0,51.4,2.0
-5.0,1.0,31.0,51.4,2.0
-5.0,1.0,31.0,49.9,2.0
-6.0,2.0,31.0,48.9,1.0
-6.0,2.0,31.0,48.5,1.0
-7.0,0.0,31.0,48.5,1.0
-6.0,1.0,31.0,48.5,2.0
-6.0,1.0,31.0,47.5,2.0
-6.0,2.0,31.0,46.6,1.0
-7.0,1.0,31.0,46.2,2.0
-7.0,1.0,31.0,46.2,2.0
-7.0,1.0,28.1,44.8,2.0
-8.0,1.0,28.1,43.5,2.0
-8.0,1.0,28.1,43.5,2.0
-8.0,2.0,25.5,41.9,1.0
-9.0,1.0,25.5,41.9,2.0
-9.0,1.0,25.5,41.4,2.0
-9.0,1.0,25.5,39.9,2.0
-10.0,1.0,25.5,39.1,2.0
-10.0,1.0,23.2,38.3,2.0
-10.0,1.0,23.2,38.0,2.0
-10.0,1.0,23.2,37.2,2.0
-10.0,1.0,23.2,37.2,2.0
-10.0,1.0,21.1,35.8,2.0
-11.0,1.0,21.1,34.8,2.0
-11.0,1.0,21.1,34.8,2.0
-11.0,1.0,19.2,33.8,2.0
-11.0,1.0,19.2,33.1,2.0
-11.0,1.0,19.2,33.1,2.0
-12.0,1.0,17.4,31.9,2.0
-12.0,1.0,17.4,31.0,2.0
-12.0,1.0,17.4,31.0,2.0
-12.0,2.0,15.9,29.5,1.0
-13.0,1.0,14.5,28.9,2.0
-13.0,1.0,14.5,28.9,2.0
-14.0,1.0,13.2,27.6,2.0
-14.0,1.0,13.2,27.0,2.0
-14.0,1.0,13.2,27.0,2.0
-15.0,1.0,11.0,25.5,2.0
-16.0,1.0,10.0,24.3,2.0
-16.0,1.0,10.0,24.1,2.0
-18.0,2.0,8.4,22.5,1.0
-18.0,1.0,8.4,22.3,2.0
-18.0,1.0,8.4,22.3,2.0
-20.0,1.0,7.0,21.1,2.0
-20.0,1.0,6.0,20.5,2.0
-21.0,1.0,6.0,20.3,2.0
-21.0,1.0,5.1,19.5,2.0
-22.0,2.0,4.7,19.0,1.0
-22.0,2.0,4.3,19.0,1.0
-24.0,0.0,4.3,18.8,1.0
-23.0,1.0,4.3,18.8,2.0
-23.0,1.0,4.3,18.8,2.0
-24.0,1.0,4.0,18.3,2.0
-24.0,1.0,3.5,18.1,2.0
-24.0,0.0,3.5,18.1,1.0
-15.0,5.0,10.0,24.3,1.0
-19.0,1.0,11.0,24.3,2.0
-19.0,1.0,11.0,24.3,2.0
-19.0,1.0,10.0,24.3,2.0
-19.0,1.0,10.0,24.3,2.0
-19.0,1.0,10.0,24.3,2.0
-19.0,1.0,10.0,24.3,2.0
-19.0,1.0,10.0,24.3,2.0
-19.0,1.0,10.0,24.3,2.0
-19.0,1.0,10.0,24.3,2.0
-19.0,1.0,10.0,24.3,2.0
-19.0,1.0,10.0,24.3,2.0
-19.0,1.0,10.0,24.3,2.0
-19.0,1.0,10.0,24.3,2.0
-19.0,1.0,10.0,24.3,2.0
-19.0,1.0,10.0,24.3,2.0
-19.0,4.0,8.4,23.9,1.0
-19.0,4.0,8.4,23.6,1.0
-24.0,65.0,3.2,23.4,1.0
301.5,301.5,301.5,301.5,1.0
301.5,301.5,301.5,301.5,1.0
29.0,14.0,14.5,84.1,1.0
29.0,15.0,15.9,84.1,1.0
2.0,-11.0,19.2,84.1,1.0
14.0,1.0,21.1,84.1,2.0
14.0,1.0,21.1,84.1,2.0
14.0,2.0,21.1,82.5,1.0
14.0,1.0,23.2,81.6,2.0
14.0,1.0,23.2,81.6,2.0
14.0,1.0,23.2,80.0,2.0
14.0,1.0,23.2,80.0,2.0
14.0,1.0,23.2,79.3,2.0
14.0,1.0,23.2,78.5,2.0
14.0,2.0,23.2,77.7,1.0
14.0,2.0,23.2,77.7,1.0
13.0,0.0,25.5,77.7,1.0
14.0,1.0,25.5,76.9,2.0
14.0,1.0,25.5,76.9,2.0
14.0,1.0,23.2,76.2,2.0
14.0,1.0,23.2,74.7,2.0
14.0,1.0,23.2,74.7,2.0
15.0,1.0,21.1,72.5,2.0
15.0,1.0,21.1,71.8,2.0
15.0,1.0,21.1,71.1,2.0
15.0,1.0,19.2,69.7,2.0
15.0,1.0,19.2,69.0,2.0
15.0,0.0,19.2,68.4,1.0
16.0,1.0,17.4,67.7,2.0
17.0,1.0,17.4,67.0,2.0
17.0,1.0,17.4,66.4,2.0
17.0,1.0,15.9,65.1,2.0
17.0,1.0,14.5,63.8,2.0
17.0,1.0,14.5,63.8,2.0
18.0,1.0,13.2,62.6,2.0
18.0,0.0,12.0,61.3,1.0
18.0,0.0,12.0,61.3,1.0
20.0,2.0,12.0,60.7,1.0
19.0,1.0,12.0,60.7,2.0
19.0,1.0,12.0,60.7,2.0
19.0,0.0,10.0,59.6,1.0
20.0,1.0,10.0,59.6,2.0
20.0,1.0,10.0,59.6,2.0
20.0,2.0,8.4,58.4,1.0
20.0,1.0,8.4,57.8,2.0
20.0,1.0,8.4,57.8,2.0
20.0,1.0,7.0,56.7,2.0
20.0,1.0,6.5,56.1,2.0
20.0,1.0,6.5,56.1,2.0
21.0,1.0,6.0,55.6,2.0
21.0,0.0,6.0,55.1,1.0
21.0,0.0,6.0,55.1,1.0
23.0,0.0,6.0,55.1,1.0
24.0,0.0,5.5,55.1,1.0
24.0,0.0,5.5,55.1,1.0
25.0,1.0,5.5,55.1,2.0
25.0,1.0,5.5,54.5,2.0
25.0,1.0,5.5,54.5,2.0
26.0,1.0,4.7,54.0,2.0
26.0,0.0,4.7,54.0,1.0
26.0,0.0,4.7,54.0,1.0
28.0,2.0,4.7,54.0,1.0
27.0,1.0,4.7,54.0,2.0
27.0,1.0,4.7,54.0,2.0
27.0,0.0,4.0,53.5,1.0
28.0,1.0,4.0,53.5,2.0
28.0,-9.0,2.5,53.5,1.0
38.0,-131.0,1.7,53.5,1.0
0.0,-6.0,6.5,53.5,1.0
7.0,2.0,12.0,53.5,1.0
6.0,2.0,14.5,53.5,1.0
6.0,2.0,15.9,53.5,1.0
4.0,0.0,19.2,52.9,1.0
5.0,1.0,21.1,52.9,2.0
5.0,1.0,21.1,52.9,2.0
6.0,2.0,23.2,51.4,1.0
5.0,2.0,23.2,50.9,1.0
5.0,2.0,23.2,50.9,1.0
3.0,0.0,25.5,50.9,1.0
4.0,1.0,25.5,50.9,2.0
4.0,1.0,25.5,50.9,2.0
4.0,1.0,25.5,49.4,2.0
4.0,1.0,25.5,48.9,2.0
4.0,1.0,25.5,48.9,2.0
4.0,1.0,25.5,47.5,2.0
5.0,2.0,25.5,46.6,1.0
5.0,2.0,25.5,46.6,1.0
3.0,1.0,25.5,46.2,2.0
3.0,1.0,25.5,45.7,2.0
3.0,1.0,25.5,45.3,2.0
4.0,1.0,25.5,44.4,2.0
3.0,1.0,23.2,43.9,2.0
3.0,1.0,25.5,43.9,2.0
3.0,1.0,23.2,42.7,2.0
3.0,0.0,23.2,42.3,1.0
3.0,0.0,23.2,42.3,1.0
5.0,2.0,23.2,42.3,1.0
4.0,1.0,23.2,41.9,2.0
4.0,1.0,23.2,41.9,2.0
4.0,1.0,21.1,40.3,2.0
4.0,1.0,21.1,39.5,2.0
4.0,1.0,21.1,39.1,2.0
5.0,1.0,19.2,37.6,2.0
5.0,1.0,19.2,36.9,2.0
5.0,1.0,19.2,36.9,2.0
5.0,1.0,17.4,35.8,2.0
5.0,1.0,17.4,35.1,2.0
5.0,1.0,17.4,35.1,2.0
5.0,1.0,15.9,34.1,2.0
5.0,1.0,14.5,33.5,2.0
5.0,1.0,14.5,33.5,2.0
5.0,1.0,13.2,31.9,2.0
5.0,1.0,12.0,31.0,2.0
5.0,1.0,12.0,30.7,2.0
6.0,2.0,11.0,28.9,1.0
5.0,1.0,10.0,28.7,2.0
5.0,1.0,10.0,28.7,2.0
5.0,1.0,9.2,27.3,2.0
6.0,2.0,7.7,26.3,1.0
6.0,2.0,7.7,26.0,1.0
4.0,0.0,7.7,26.0,1.0
5.0,1.0,7.7,26.0,2.0
5.0,1.0,7.7,26.0,2.0
5.0,1.0,6.5,24.8,2.0
5.0,1.0,6.0,24.3,2.0
5.0,1.0,6.0,24.3,2.0
5.0,1.0,5.5,23.9,2.0
5.0,0.0,5.1,23.6,1.0
5.0,0.0,5.1,23.6,1.0
7.0,2.0,5.1,23.6,1.0
6.0,0.0,5.1,23.6,1.0
6.0,0.0,5.1,23.6,1.0
8.0,6.0,11.0,23.4,1.0
3.0,1.0,14.5,23.4,2.0
3.0,1.0,15.9,23.4,2.0
3.0,0.0,19.2,22.3,1.0
3.0,1.0,21.1,21.9,2.0
3.0,1.0,21.1,21.7,2.0
4.0,1.0,21.1,20.1,2.0
4.0,1.0,19.2,19.4,2.0
4.0,1.0,19.2,19.4,2.0
4.0,1.0,17.4,17.8,2.0
5.0,1.0,17.4,17.0,2.0
5.0,1.0,17.4,17.1,2.0
5.0,1.0,15.9,15.6,2.0
5.0,1.0,14.5,14.6,2.0
5.0,1.0,14.5,14.3,2.0
6.0,1.0,13.2,12.7,2.0
5.0,0.0,12.0,12.1,1.0
6.0,1.0,12.0,12.1,2.0
7.0,1.0,11.0,11.5,2.0
7.0,1.0,11.0,10.7,2.0
7.0,1.0,11.0,10.7,2.0
8.0,1.0,9.2,9.5,2.0
9.0,1.0,8.4,8.7,2.0
9.0,1.0,8.4,8.5,2.0
11.0,2.0,7.0,7.2,1.0
11.0,1.0,7.0,6.9,2.0
11.0,1.0,7.0,6.9,2.0
14.0,2.0,6.0,6.0,1.0
14.0,1.0,5.5,5.8,2.0
14.0,1.0,5.5,5.7,2.0
15.0,301.5,301.5,5.0,1.0
-15.0,301.5,301.5,4.8,1.0
301.5,301.5,301.5,301.5,1.0
301.5,301.5,301.5,301.5,1.0
21.0,20.0,50.4,102.5,1.0
3.0,2.0,50.4,102.5,1.0
2.0,1.0,50.4,102.5,2.0
2.0,1.0,50.4,102.5,2.0
2.0,1.0,50.4,101.5,2.0
2.0,1.0,45.7,100.5,2.0
2.0,1.0,45.7,99.5,2.0
2.0,1.0,45.7,98.5,2.0
2.0,1.0,45.7,96.6,2.0
2.0,1.0,45.7,96.6,2.0
2.0,1.0,41.4,94.7,2.0
2.0,1.0,41.4,93.8,2.0
2.0,1.0,41.4,93.8,2.0
2.0,2.0,41.4,91.9,1.0
2.0,1.0,37.6,91.9,2.0
2.0,1.0,37.6,91.9,2.0
2.0,1.0,37.6,90.1,2.0
2.0,1.0,37.6,89.2,2.0
2.0,1.0,37.6,89.2,2.0
2.0,1.0,34.1,87.5,2.0
2.0,1.0,34.1,85.8,2.0
2.0,1.0,34.1,85.8,2.0
2.0,1.0,31.0,84.1,2.0
2.0,1.0,31.0,83.3,2.0
2.0,1.0,31.0,83.3,2.0
2.0,1.0,28.1,80.8,2.0
2.0,1.0,28.1,80.0,2.0
2.0,1.0,28.1,80.0,2.0
2.0,1.0,25.5,77.7,2.0
2.0,1.0,25.5,76.9,2.0
2.0,1.0,23.2,76.9,2.0
2.0,1.0,23.2,74.7,2.0
2.0,1.0,21.1,74.7,2.0
2.0,1.0,21.1,74.7,2.0
2.0,1.0,21.1,73.2,2.0
2.0,1.0,21.1,72.5,2.0
2.0,1.0,19.2,72.5,2.0
2.0,1.0,17.4,70.4,2.0
2.0,1.0,17.4,69.7,2.0
2.0,1.0,17.4,69.7,2.0
2.0,1.0,15.9,67.7,2.0
2.0,1.0,14.5,67.0,2.0
2.0,1.0,14.5,66.4,2.0
2.0,0.0,12.0,64.4,1.0
2.0,0.0,12.0,64.4,1.0
2.0,0.0,12.0,64.4,1.0
4.0,2.0,12.0,64.4,1.0
4.0,2.0,12.0,64.4,1.0
4.0,2.0,12.0,64.4,1.0
2.0,0.0,12.0,64.4,1.0
3.0,1.0,12.0,64.4,2.0
3.0,1.0,12.0,64.4,2.0
3.0,1.0,10.0,62.6,2.0
3.0,1.0,9.2,61.9,2.0
3.0,1.0,9.2,61.3,2.0
3.0,1.0,7.7,60.1,2.0
3.0,1.0,7.0,59.6,2.0
3.0,1.0,6.5,59.0,2.0
3.0,1.0,5.5,58.4,2.0
3.0,0.0,5.1,57.8,1.0
3.0,0.0,5.1,57.3,1.0
4.0,2.0,5.1,57.3,1.0
3.0,1.0,5.1,57.3,2.0
3.0,1.0,5.1,57.3,2.0
3.0,1.0,4.3,56.7,2.0
3.0,1.0,3.7,56.1,2.0
3.0,1.0,3.7,56.1,2.0
4.0,2.0,3.5,56.1,1.0
2.0,1.0,3.5,56.1,2.0
2.0,1.0,3.5,56.1,2.0
3.0,2.0,3.5,56.1,1.0
2.0,1.0,3.5,56.1,2.0
2.0,1.0,3.5,56.1,2.0
2.0,3.0,3.2,55.6,1.0
0.0,1.0,3.2,55.6,2.0
0.0,1.0,3.2,55.6,2.0
0.0,2.0,3.0,55.6,1.0
-1.0,0.0,5.1,55.6,1.0
-1.0,0.0,7.0,55.6,1.0
1.0,1.0,13.2,55.6,2.0
1.0,1.0,15.9,55.1,2.0
1.0,1.0,17.4,55.1,2.0
1.0,0.0,21.1,53.5,1.0
2.0,2.0,23.2,53.5,1.0
2.0,2.0,23.2,53.5,1.0
0.0,0.0,25.5,53.5,1.0
1.0,2.0,28.1,53.5,1.0
1.0,2.0,28.1,53.5,1.0
-1.0,0.0,31.0,53.5,1.0
0.0,1.0,34.1,53.5,2.0
0.0,1.0,34.1,53.5,2.0
0.0,1.0,34.1,51.9,2.0
0.0,1.0,34.1,51.4,2.0
0.0,1.0,34.1,51.4,2.0
0.0,1.0,34.1,50.4,2.0
0.0,1.0,34.1,49.9,2.0
0.0,1.0,34.1,49.9,2.0
0.0,1.0,34.1,48.9,2.0
0.0,1.0,34.1,48.0,2.0
0.0,1.0,34.1,48.0,2.0
0.0,2.0,34.1,47.1,1.0
-1.0,1.0,34.1,47.1,2.0
-1.0,1.0,34.1,47.1,2.0
-1.0,1.0,31.0,45.7,2.0
-1.0,1.0,31.0,44.4,2.0
-1.0,1.0,31.0,44.4,2.0
-1.0,1.0,31.0,43.1,2.0
-1.0,1.0,31.0,42.7,2.0
-1.0,1.0,31.0,42.7,2.0
-1.0,1.0,28.1,41.0,2.0
-1.0,1.0,28.1,40.3,2.0
-1.0,1.0,28.1,39.9,2.0
-1.0,1.0,25.5,38.7,2.0
-1.0,1.0,25.5,38.0,2.0
-1.0,1.0,25.5,37.6,2.0
-1.0,1.0,23.2,35.8,2.0
-1.0,1.0,23.2,35.1,2.0
-1.0,1.0,23.2,34.8,2.0
-1.0,1.0,21.1,33.1,2.0
-1.0,1.0,19.2,32.2,2.0
-1.0,0.0,19.2,31.9,1.0
-1.0,1.0,19.2,31.0,2.0
-1.0,1.0,17.4,30.1,2.0
-1.0,1.0,17.4,29.8,2.0
-1.0,1.0,15.9,28.1,2.0
-1.0,1.0,14.5,27.0,2.0
-1.0,1.0,14.5,26.8,2.0
-1.0,1.0,13.2,25.5,2.0
-1.0,1.0,13.2,24.8,2.0
-1.0,1.0,13.2,24.8,2.0
-1.0,2.0,12.0,23.6,1.0
-2.0,1.0,12.0,23.6,2.0
-2.0,1.0,12.0,23.6,2.0
-3.0,1.0,10.0,22.5,2.0
-3.0,1.0,9.2,21.5,2.0
-3.0,1.0,10.0,21.7,2.0
-3.0,0.0,8.4,20.3,1.0
-2.0,1.0,7.7,19.9,2.0
-2.0,1.0,7.7,19.9,2.0
-2.0,1.0,7.0,19.0,2.0
-3.0,1.0,6.5,18.3,2.0
-3.0,1.0,6.0,18.1,2.0
-3.0,1.0,5.5,17.3,2.0
-3.0,1.0,4.7,16.8,2.0
-3.0,1.0,4.7,16.6,2.0
-3.0,1.0,4.0,16.0,2.0
-3.0,1.0,3.7,15.7,2.0
-3.0,1.0,3.7,15.6,2.0
-2.0,1.0,10.0,22.3,2.0
-2.0,1.0,10.0,22.3,2.0
-2.0,1.0,10.0,22.3,2.0
-2.0,1.0,10.0,22.5,2.0
-2.0,1.0,10.0,22.3,2.0
-2.0,1.0,10.0,22.3,2.0
-2.0,1.0,10.0,22.3,2.0
-2.0,1.0,10.0,22.3,2.0
-2.0,1.0,10.0,22.3,2.0
-2.0,0.0,10.0,22.5,1.0
-1.0,1.0,10.0,22.5,2.0
-1.0,1.0,10.0,22.5,2.0
-1.0,2.0,10.0,22.3,1.0
-2.0,1.0,10.0,22.3,2.0
-2.0,1.0,10.0,22.3,2.0
-2.0,0.0,8.4,21.9,1.0
-1.0,1.0,8.4,21.9,2.0
-1.0,1.0,8.4,21.9,2.0
-1.0,1.0,7.0,21.1,2.0
-1.0,1.0,7.0,20.7,2.0
-1.0,1.0,7.0,20.7,2.0
-2.0,1.0,4.0,19.9,2.0
-2.0,176.0,2.0,19.9,3.0
-2.0,179.0,3.7,19.7,1.0
13.0,13.0,8.4,87.5,1.0
2.0,3.0,11.0,87.5,1.0
2.0,3.0,12.0,87.5,1.0
-1.0,0.0,14.5,87.5,1.0
0.0,1.0,15.9,87.5,2.0
0.0,1.0,17.4,87.5,2.0
0.0,2.0,17.4,85.8,1.0
-1.0,1.0,19.2,85.8,2.0
-1.0,1.0,19.2,85.8,2.0
-1.0,2.0,19.2,84.1,1.0
-2.0,1.0,19.2,84.1,2.0
-2.0,1.0,19.2,84.1,2.0
-2.0,1.0,19.2,82.5,2.0
-2.0,1.0,19.2,80.8,2.0
-2.0,0.0,19.2,80.8,1.0
-1.0,1.0,19.2,80.0,2.0
-1.0,2.0,17.4,79.3,1.0
-1.0,1.0,17.4,79.3,2.0
-2.0,1.0,17.4,78.5,2.0
-2.0,1.0,17.4,76.9,2.0
-2.0,1.0,17.4,76.9,2.0
-2.0,0.0,15.9,75.4,1.0
-1.0,1.0,14.5,74.7,2.0
-1.0,1.0,14.5,74.7,2.0
-1.0,1.0,13.2,73.2,2.0
-1.0,0.0,13.2,71.8,1.0
-1.0,0.0,13.2,71.8,1.0
0.0,2.0,12.0,71.8,1.0
-1.0,1.0,12.0,71.1,2.0
-1.0,1.0,12.0,71.1,2.0
-1.0,1.0,11.0,69.7,2.0
-1.0,1.0,10.0,68.4,2.0
-1.0,1.0,10.0,68.4,2.0
-1.0,1.0,8.4,67.0,2.0
-1.0,1.0,7.7,66.4,2.0
-1.0,1.0,7.7,65.7,2.0
-1.0,1.0,6.5,65.1,2.0
-1.0,1.0,6.5,65.1,2.0
-1.0,1.0,6.5,65.1,2.0
-1.0,1.0,6.0,64.4,2.0
-1.0,1.0,5.5,63.8,2.0
-1.0,1.0,5.5,63.8,2.0
-1.0,2.0,5.5,63.8,1.0
-2.0,2.0,5.5,63.8,1.0
-2.0,1.0,5.1,63.8,2.0
-3.0,0.0,4.7,63.2,1.0
-2.0,0.0,4.7,63.2,1.0
-2.0,0.0,4.7,63.2,1.0
0.0,2.0,4.7,63.2,1.0
-1.0,1.0,4.7,63.2,2.0
-1.0,0.0,4.7,62.6,1.0
-1.0,1.0,4.3,62.6,2.0
-1.0,2.0,4.0,62.6,1.0
-1.0,3.0,4.0,61.9,1.0
-4.0,-1.0,4.0,61.9,1.0
-2.0,1.0,4.0,61.9,2.0
-2.0,1.0,4.0,61.9,2.0
-2.0,1.0,3.5,61.9,2.0
-2.0,0.0,3.2,61.3,1.0
-2.0,0.0,3.2,61.3,1.0
0.0,2.0,3.2,61.3,1.0
-1.0,1.0,3.0,61.3,2.0
-1.0,1.0,3.0,61.3,2.0
-1.0,1.0,2.8,61.3,2.0
-1.0,1.0,2.6,60.7,2.0
-1.0,1.0,2.6,60.7,2.0
-1.0,0.0,2.5,60.7,1.0
0.0,1.0,2.5,60.7,2.0
0.0,2.0,2.5,60.7,1.0
-1.0,1.0,2.3,60.7,2.0
-1.0,1.0,2.3,60.7,2.0
-1.0,1.0,2.2,60.7,2.0
-1.0,1.0,6.5,60.7,2.0
-1.0,3.0,11.0,60.1,1.0
-1.0,3.0,14.5,60.1,1.0
-5.0,0.0,21.1,60.1,1.0
-4.0,1.0,25.5,60.1,2.0
-3.0,2.0,25.5,60.1,1.0
-4.0,2.0,31.0,59.6,1.0
-5.0,1.0,34.1,59.6,2.0
-5.0,2.0,34.1,59.6,1.0
-6.0,1.0,37.6,58.4,2.0
-6.0,2.0,37.6,57.8,1.0
-6.0,2.0,37.6,57.8,1.0
-7.0,0.0,41.4,57.3,1.0
-6.0,1.0,41.4,57.3,2.0
-6.0,1.0,41.4,57.3,2.0
-6.0,2.0,41.4,56.1,1.0
-7.0,1.0,45.7,56.1,2.0
-7.0,1.0,45.7,56.1,2.0
-8.0,1.0,45.7,55.1,2.0
-8.0,0.0,45.7,54.0,1.0
-8.0,0.0,45.7,54.0,1.0
-6.0,3.0,45.7,54.0,1.0
-7.0,1.0,45.7,54.0,2.0
-7.0,0.0,45.7,54.0,1.0
-7.0,1.0,45.7,52.9,2.0
-7.0,1.0,45.7,52.4,2.0
-7.0,1.0,45.7,51.9,2.0
-7.0,1.0,45.7,50.4,2.0
-7.0,1.0,41.4,49.4,2.0
-7.0,1.0,41.4,49.4,2.0
-8.0,1.0,41.4,47.5,2.0
-8.0,1.0,41.4,46.6,2.0
-8.0,1.0,41.4,46.2,2.0
-9.0,1.0,37.6,44.8,2.0
-9.0,1.0,37.6,43.5,2.0
-9.0,1.0,37.6,43.5,2.0
-9.0,1.0,37.6,42.7,2.0
-9.0,1.0,37.6,42.3,2.0
-9.0,1.0,37.6,42.3,2.0
-9.0,1.0,34.1,41.0,2.0
-10.0,1.0,34.1,39.9,2.0
-10.0,1.0,34.1,39.9,2.0
-10.0,1.0,34.1,38.3,2.0
-10.0,1.0,31.0,37.2,2.0
-11.0,1.0,31.0,36.9,2.0
-11.0,1.0,31.0,35.5,2.0
-11.0,1.0,28.1,34.4,2.0
-11.0,1.0,28.1,34.1,2.0
-12.0,1.0,28.1,32.5,2.0
-12.0,1.0,25.5,31.6,2.0
-13.0,1.0,25.5,31.3,2.0
-14.0,1.0,23.2,29.5,2.0
-14.0,1.0,23.2,28.4,2.0
-14.0,1.0,23.2,28.1,2.0
-15.0,1.0,21.1,26.5,2.0
-16.0,1.0,19.2,25.5,2.0
-16.0,1.0,19.2,25.3,2.0
-18.0,1.0,17.4,23.9,2.0
-19.0,1.0,17.4,22.8,2.0
-19.0,1.0,17.4,22.5,2.0
-21.0,1.0,14.5,20.9,2.0
-21.0,1.0,14.5,20.1,2.0
-21.0,1.0,14.5,20.1,2.0
-23.0,1.0,13.2,18.8,2.0
-24.0,1.0,12.0,17.9,2.0
-24.0,1.0,12.0,17.9,2.0
-26.0,2.0,11.0,16.6,1.0
-27.0,1.0,11.0,16.6,2.0
-27.0,1.0,11.0,16.6,2.0
-30.0,0.0,9.2,15.4,1.0
-29.0,1.0,9.2,15.4,2.0
-29.0,1.0,9.2,15.4,2.0
-31.0,2.0,8.4,14.5,1.0
-32.0,1.0,8.4,14.6,2.0
-32.0,1.0,8.4,14.6,2.0
-34.0,1.0,7.7,13.9,2.0
-34.0,1.0,7.0,13.6,2.0
-34.0,1.0,7.0,13.7,2.0
-36.0,2.0,6.5,13.1,1.0
-37.0,1.0,6.5,12.9,2.0
-37.0,1.0,6.5,12.9,2.0
-39.0,1.0,5.5,12.5,2.0
-41.0,1.0,5.1,12.1,2.0
-41.0,1.0,5.1,12.0,2.0
-44.0,1.0,4.3,11.6,2.0
-44.0,2.0,4.3,11.4,1.0
-44.0,2.0,4.3,11.4,1.0
301.5,1.0,4.3,301.5,2.0
301.5,1.0,4.0,301.5,2.0
301.5,1.0,4.0,301.5,2.0
301.5,4.0,3.7,301.5,1.0
301.5,0.0,3.7,301.5,1.0
301.5,0.0,3.7,301.5,1.0
301.5,-37.0,8.4,301.5,1.0
-12.0,-6.0,11.0,11.0,1.0
-12.0,-6.0,11.0,11.0,1.0
3.0,9.0,11.0,11.0,1.0
-6.0,0.0,11.0,10.8,1.0
-7.0,-1.0,11.0,10.8,1.0
-3.0,3.0,11.0,10.6,1.0
-5.0,1.0,11.0,10.6,2.0
-4.0,2.0,11.0,10.6,1.0
-5.0,1.0,10.0,10.1,2.0
-5.0,2.0,10.0,9.6,1.0
-5.0,2.0,9.2,9.4,1.0
-7.0,0.0,9.2,9.4,1.0
-6.0,1.0,9.2,9.4,2.0
-6.0,1.0,9.2,9.4,2.0
-7.0,1.0,8.4,8.2,2.0
-9.0,1.0,7.7,7.4,2.0
-9.0,1.0,7.0,7.1,2.0
-11.0,1.0,6.0,6.1,2.0
-13.0,0.0,5.5,5.5,1.0
-13.0,0.0,5.5,5.5,1.0
-11.0,2.0,5.5,5.5,1.0
-13.0,1.0,5.5,5.5,2.0
-13.0,1.0,5.5,5.5,2.0
-15.0,1.0,5.1,4.9,2.0
-16.0,0.0,4.7,4.7,1.0
-17.0,0.0,4.7,4.6,1.0
-15.0,301.5,301.5,4.6,1.0
301.5,301.5,301.5,301.5,1.0
301.5,301.5,301.5,301.5,1.0
301.5,301.5,301.5,301.5,1.0
301.5,301.5,301.5,301.5,1.0
11.0,13.0,50.4,103.5,1.0
0.0,2.0,50.4,103.5,1.0
-1.0,1.0,50.4,103.5,2.0
-1.0,1.0,50.4,103.5,2.0
-1.0,1.0,50.4,102.5,2.0
-1.0,1.0,50.4,101.5,2.0
-1.0,1.0,50.4,100.5,2.0
-1.0,1.0,45.7,99.5,2.0
-1.0,1.0,45.7,98.5,2.0
-1.0,1.0,45.7,99.5,2.0
-1.0,1.0,45.7,97.5,2.0
-1.0,1.0,45.7,97.5,2.0
-1.0,1.0,45.7,97.5,2.0
-1.0,1.0,41.4,95.6,2.0
-1.0,1.0,41.4,94.7,2.0
-1.0,1.0,41.4,93.8,2.0
-1.0,1.0,41.4,91.9,2.0
-1.0,1.0,37.6,91.0,2.0
-1.0,1.0,37.6,91.0,2.0
-1.0,1.0,37.6,89.2,2.0
-1.0,1.0,37.6,88.4,2.0
-1.0,1.0,34.1,88.4,2.0
-1.0,1.0,34.1,86.6,2.0
-1.0,1.0,34.1,84.9,2.0
-1.0,1.0,34.1,84.9,2.0
-1.0,1.0,31.0,83.3,2.0
-1.0,2.0,31.0,82.5,1.0
-1.0,2.0,31.0,82.5,1.0
-3.0,0.0,31.0,81.6,1.0
-2.0,1.0,31.0,81.6,2.0
-2.0,1.0,28.1,81.6,2.0
-2.0,1.0,28.1,80.0,2.0
-2.0,1.0,28.1,79.3,2.0
-2.0,1.0,25.5,79.3,2.0
-2.0,1.0,25.5,77.7,2.0
-2.0,1.0,23.2,76.2,2.0
-2.0,1.0,23.2,76.2,2.0
-2.0,1.0,21.1,74.7,2.0
-2.0,1.0,21.1,73.2,2.0
-2.0,1.0,21.1,73.2,2.0
-2.0,1.0,19.2,71.8,2.0
-2.0,1.0,17.4,70.4,2.0
-2.0,1.0,17.4,70.4,2.0
-2.0,1.0,15.9,68.4,2.0
-2.0,1.0,14.5,67.7,2.0
-2.0,1.0,14.5,67.0,2.0
-2.0,1.0,13.2,65.7,2.0
-2.0,1.0,12.0,64.4,2.0
-2.0,1.0,12.0,64.4,2.0
-2.0,1.0,11.0,63.2,2.0
-2.0,1.0,10.0,63.2,2.0
-2.0,1.0,10.0,63.2,2.0
-2.0,2.0,9.2,61.9,1.0
-3.0,2.0,9.2,61.9,1.0
-3.0,2.0,9.2,61.9,1.0
-5.0,0.0,9.2,61.9,1.0
-4.0,1.0,9.2,61.9,2.0
-4.0,1.0,9.2,61.9,2.0
-4.0,1.0,8.4,60.7,2.0
-4.0,1.0,7.7,60.1,2.0
-4.0,1.0,7.7,60.1,2.0
-4.0,0.0,6.5,59.0,1.0
-4.0,0.0,6.0,59.0,1.0
-4.0,0.0,6.0,58.4,1.0
-2.0,3.0,6.0,58.4,1.0
-4.0,1.0,6.0,58.4,2.0
-4.0,1.0,6.0,58.4,2.0
-4.0,1.0,5.1,57.8,2.0
-4.0,2.0,4.7,57.3,1.0
-4.0,2.0,4.7,57.3,1.0
-6.0,0.0,4.7,56.7,1.0
-5.0,2.0,4.3,56.7,1.0
-5.0,2.0,4.3,56.7,1.0
-7.0,1.0,4.3,56.7,2.0
-7.0,1.0,4.3,56.7,2.0
-7.0,1.0,4.0,56.7,2.0
-7.0,1.0,3.7,56.1,2.0
-7.0,-3.0,5.5,55.6,1.0
-7.0,-5.0,7.7,55.6,1.0
3.0,3.0,13.2,55.6,1.0
1.0,2.0,15.9,55.6,1.0
1.0,2.0,17.4,55.6,1.0
-1.0,0.0,21.1,55.6,1.0
0.0,1.0,23.2,55.6,2.0
0.0,1.0,23.2,55.6,2.0
0.0,1.0,25.5,54.0,2.0
0.0,1.0,25.5,52.9,2.0
0.0,1.0,25.5,52.9,2.0
0.0,0.0,25.5,51.4,1.0
0.0,1.0,25.5,50.9,2.0
0.0,1.0,25.5,50.9,2.0
0.0,1.0,25.5,49.4,2.0
0.0,1.0,25.5,48.0,2.0
0.0,1.0,25.5,48.0,2.0
0.0,1.0,23.2,46.2,2.0
0.0,1.0,23.2,45.7,2.0
0.0,1.0,23.2,45.7,2.0
0.0,2.0,23.2,44.4,1.0
-1.0,1.0,23.2,44.8,2.0
-1.0,1.0,23.2,44.8,2.0
-1.0,0.0,23.2,43.1,1.0
0.0,1.0,23.2,43.1,2.0
0.0,1.0,23.2,43.1,2.0
0.0,1.0,21.1,41.4,2.0
0.0,1.0,21.1,40.6,2.0
0.0,1.0,21.1,40.3,2.0
0.0,1.0,19.2,38.7,2.0
0.0,1.0,19.2,37.6,2.0
0.0,1.0,19.2,37.2,2.0
0.0,1.0,17.4,35.5,2.0
0.0,1.0,15.9,34.4,2.0
0.0,1.0,15.9,34.4,2.0
0.0,2.0,14.5,33.5,1.0
-1.0,1.0,14.5,33.5,2.0
-1.0,1.0,14.5,33.5,2.0
-1.0,1.0,13.2,31.9,2.0
-1.0,1.0,12.0,31.0,2.0
-1.0,1.0,12.0,31.0,2.0
-1.0,2.0,12.0,30.1,1.0
-2.0,1.0,12.0,30.1,2.0
-2.0,1.0,12.0,30.1,2.0
-2.0,1.0,10.0,28.4,2.0
-2.0,2.0,9.2,27.6,1.0
-2.0,2.0,9.2,27.6,1.0
-4.0,0.0,9.2,27.6,1.0
-3.0,1.0,9.2,27.6,2.0
-3.0,1.0,9.2,27.6,2.0
-3.0,1.0,7.7,26.3,2.0
-3.0,1.0,7.7,25.5,2.0
-3.0,1.0,7.0,25.5,2.0
-3.0,3.0,6.0,24.3,1.0
-5.0,2.0,6.0,24.1,1.0
-5.0,2.0,6.0,24.1,1.0
-7.0,0.0,6.0,23.9,1.0
-5.0,1.0,6.0,23.9,2.0
-5.0,1.0,6.0,23.9,2.0
-6.0,1.0,5.1,23.2,2.0
-6.0,2.0,4.7,22.8,1.0
-6.0,2.0,4.3,22.5,1.0
-5.0,2.0,10.0,28.7,1.0
-6.0,2.0,10.0,28.7,1.0
-6.0,2.0,10.0,28.7,1.0
-8.0,0.0,10.0,28.7,1.0
-7.0,1.0,10.0,28.7,2.0
-7.0,1.0,10.0,28.7,2.0
-7.0,1.0,10.0,28.7,2.0
-7.0,1.0,10.0,28.7,2.0
-7.0,1.0,10.0,28.7,2.0
-7.0,1.0,10.0,28.7,2.0
-7.0,1.0,10.0,28.7,2.0
-7.0,1.0,10.0,28.7,2.0
-7.0,1.0,10.0,28.7,2.0
-7.0,1.0,10.0,28.7,2.0
-7.0,1.0,10.0,28.7,2.0
-7.0,3.0,8.4,28.1,1.0
-9.0,5.0,6.5,28.1,1.0
-9.0,14.0,4.3,28.1,1.0
-25.0,120.0,4.0,28.1,1.0
31.0,14.0,6.5,79.3,1.0
31.0,18.0,7.7,79.3,1.0
0.0,-7.0,11.0,79.3,1.0
8.0,3.0,13.2,79.3,1.0
8.0,4.0,14.5,79.3,1.0
3.0,0.0,17.4,79.3,1.0
4.0,1.0,19.2,79.3,2.0
4.0,1.0,19.2,79.3,2.0
4.0,1.0,19.2,77.7,2.0
4.0,2.0,21.1,76.9,1.0
4.0,2.0,21.1,76.9,1.0
3.0,0.0,21.1,76.9,1.0
4.0,1.0,23.2,76.9,2.0
4.0,2.0,23.2,76.9,1.0
3.0,1.0,23.2,76.2,2.0
3.0,1.0,23.2,75.4,2.0
3.0,2.0,23.2,75.4,1.0
3.0,1.0,23.2,74.0,2.0
3.0,1.0,21.1,73.2,2.0
3.0,2.0,21.1,73.2,1.0
2.0,1.0,21.1,71.8,2.0
2.0,1.0,21.1,71.1,2.0
2.0,1.0,21.1,71.1,2.0
2.0,1.0,19.2,69.7,2.0
2.0,1.0,19.2,68.4,2.0
2.0,1.0,17.4,68.4,2.0
2.0,2.0,17.4,66.4,1.0
1.0,1.0,15.9,66.4,2.0
1.0,1.0,15.9,66.4,2.0
1.0,1.0,15.9,65.1,2.0
1.0,1.0,14.5,64.4,2.0
1.0,1.0,14.5,64.4,2.0
1.0,-1.0,13.2,63.2,1.0
3.0,1.0,13.2,63.2,2.0
3.0,1.0,13.2,63.2,2.0
3.0,2.0,12.0,61.3,1.0
2.0,2.0,12.0,60.7,1.0
2.0,2.0,12.0,60.7,1.0
0.0,-1.0,12.0,60.7,1.0
2.0,1.0,12.0,60.7,2.0
2.0,0.0,12.0,60.7,1.0
3.0,1.0,11.0,60.1,2.0
3.0,1.0,11.0,59.6,2.0
3.0,1.0,11.0,59.6,2.0
3.0,1.0,9.2,57.8,2.0
3.0,1.0,8.4,57.3,2.0
3.0,1.0,8.4,57.3,2.0
3.0,1.0,7.7,56.1,2.0
3.0,0.0,7.0,56.1,1.0
3.0,0.0,7.0,56.1,1.0
5.0,2.0,7.0,56.1,1.0
4.0,1.0,7.0,56.1,2.0
4.0,1.0,7.0,56.1,2.0
4.0,1.0,6.5,55.1,2.0
4.0,1.0,6.0,55.1,2.0
4.0,1.0,6.0,55.1,2.0
4.0,0.0,5.5,54.5,1.0
5.0,1.0,5.5,54.0,2.0
5.0,1.0,5.5,54.0,2.0
5.0,0.0,4.7,53.5,1.0
6.0,1.0,4.7,53.5,2.0
6.0,0.0,4.7,53.5,1.0
7.0,1.0,4.3,52.9,2.0
7.0,1.0,4.0,52.9,2.0
7.0,1.0,4.0,52.9,2.0
7.0,-2.0,3.7,52.4,1.0
10.0,1.0,3.7,52.4,2.0
10.0,1.0,3.7,52.4,2.0
9.0,-1.0,3.5,52.4,1.0
11.0,-21.0,2.1,52.4,1.0
11.0,-147.0,2.6,52.4,1.0
5.0,148.0,2.1,55.1,1.0
301.5,-18.0,2.0,301.5,1.0
9.0,-150.0,3.2,52.4,1.0
9.0,-154.0,3.2,52.4,1.0
301.5,135.0,3.7,301.5,1.0
-4.0,1.0,4.0,55.1,2.0
-4.0,0.0,4.0,55.1,1.0
-3.0,-2.0,4.3,54.5,1.0
0.0,-1.0,4.3,54.5,1.0
0.0,-2.0,4.3,54.5,1.0
5.0,1.0,4.7,54.5,2.0
5.0,0.0,4.7,54.5,1.0
5.0,-1.0,4.7,54.5,1.0
8.0,2.0,4.7,54.5,1.0
7.0,0.0,5.1,54.5,1.0
7.0,0.0,5.1,54.5,1.0
9.0,2.0,5.1,54.5,1.0
8.0,1.0,5.1,54.5,2.0
8.0,1.0,5.1,54.5,2.0
9.0,1.0,4.7,54.0,2.0
9.0,1.0,4.7,53.5,2.0
9.0,1.0,4.7,53.5,2.0
9.0,1.0,4.3,53.5,2.0
9.0,1.0,4.0,52.9,2.0
9.0,1.0,4.0,52.9,2.0
9.0,2.0,3.7,52.9,1.0
8.0,1.0,3.7,52.9,2.0
8.0,1.0,3.7,52.9,2.0
8.0,2.0,3.5,52.4,1.0
7.0,2.0,3.5,52.4,1.0
7.0,2.0,3.5,52.4,1.0
5.0,0.0,3.5,52.4,1.0
6.0,2.0,3.5,52.4,1.0
6.0,2.0,3.5,52.4,1.0
4.0,0.0,3.5,52.4,1.0
5.0,2.0,3.5,52.4,1.0
5.0,2.0,3.5,52.4,1.0
4.0,1.0,3.5,52.4,2.0
4.0,2.0,3.2,51.9,1.0
4.0,3.0,3.2,51.9,1.0
1.0,0.0,3.2,51.9,1.0
2.0,2.0,3.0,51.9,1.0
2.0,3.0,3.0,51.9,1.0
-1.0,1.0,3.0,51.9,2.0
-1.0,2.0,2.8,51.4,1.0
-1.0,2.0,2.8,51.4,1.0
-3.0,2.0,2.8,51.4,1.0
-4.0,2.0,2.8,51.4,1.0
-4.0,106.0,1.4,51.4,3.0
-5.0,0.0,6.0,51.4,1.0
-4.0,-2.0,11.0,51.4,1.0
-4.0,-1.0,12.0,51.4,1.0
1.0,4.0,17.4,51.4,1.0
-1.0,1.0,21.1,51.4,2.0
-1.0,1.0,23.2,51.4,2.0
-1.0,1.0,25.5,50.4,2.0
-1.0,1.0,25.5,49.9,2.0
-1.0,1.0,28.1,49.4,2.0
-1.0,0.0,28.1,48.0,1.0
-1.0,1.0,31.0,47.5,2.0
0.0,1.0,31.0,47.5,2.0
0.0,1.0,31.0,46.2,2.0
0.0,1.0,31.0,45.3,2.0
0.0,1.0,31.0,44.8,2.0
0.0,1.0,31.0,43.1,2.0
0.0,1.0,31.0,42.3,2.0
0.0,1.0,31.0,41.9,2.0
-1.0,1.0,31.0,40.3,2.0
-1.0,1.0,28.1,39.1,2.0
-1.0,1.0,28.1,39.1,2.0
-1.0,1.0,28.1,37.2,2.0
-1.0,1.0,28.1,36.2,2.0
-1.0,1.0,28.1,35.8,2.0
-1.0,1.0,25.5,34.1,2.0
-1.0,1.0,25.5,33.1,2.0
-1.0,1.0,25.5,32.8,2.0
-1.0,1.0,23.2,31.3,2.0
-1.0,1.0,23.2,30.1,2.0
-1.0,1.0,23.2,29.8,2.0
-1.0,1.0,21.1,28.1,2.0
-1.0,1.0,19.2,27.3,2.0
-1.0,1.0,19.2,26.8,2.0
-1.0,1.0,17.4,25.0,2.0
-1.0,1.0,17.4,24.1,2.0
-1.0,1.0,17.4,23.9,2.0
-1.0,1.0,15.9,22.1,2.0
-2.0,1.0,14.5,21.3,2.0
-2.0,1.0,14.5,20.9,2.0
-2.0,0.0,12.0,19.2,1.0
-2.0,1.0,12.0,18.8,2.0
-2.0,1.0,12.0,18.8,2.0
-2.0,1.0,11.0,17.1,2.0
-2.0,1.0,10.0,16.2,2.0
-1.0,2.0,9.2,15.9,1.0
-2.0,1.0,8.4,14.9,2.0
-2.0,1.0,7.7,14.5,2.0
-2.0,1.0,7.7,14.2,2.0
-3.0,2.0,6.5,13.1,1.0
-4.0,1.0,6.5,12.7,2.0
-4.0,1.0,6.5,12.7,2.0
-4.0,1.0,5.5,11.8,2.0
-4.0,1.0,5.1,11.4,2.0
-4.0,1.0,4.7,11.2,2.0
-5.0,1.0,4.0,10.5,2.0
-5.0,1.0,3.7,10.2,2.0
-5.0,1.0,3.7,10.1,2.0
-5.0,2.0,3.2,9.6,1.0
-6.0,1.0,3.0,9.5,2.0
-6.0,1.0,3.0,9.5,2.0
-6.0,1.0,2.8,9.2,2.0
-6.0,2.0,2.6,9.0,1.0
-6.0,2.0,2.5,8.9,1.0
-8.0,0.0,2.5,8.9,1.0
-7.0,1.0,2.5,8.9,2.0
-7.0,1.0,2.5,8.9,2.0
-7.0,1.0,2.2,8.7,2.0
-7.0,1.0,2.1,8.5,2.0
-7.0,1.0,2.1,8.5,2.0
-8.0,2.0,1.9,8.3,3.0
-8.0,-5.0,4.0,8.2,1.0
-8.0,-7.0,6.0,8.2,1.0
6.0,6.0,10.0,8.8,1.0
0.0,0.0,10.0,8.8,1.0
0.0,0.0,10.0,8.8,1.0
0.0,1.0,10.0,8.8,2.0
0.0,1.0,10.0,8.8,2.0
0.0,1.0,10.0,8.8,2.0
-1.0,0.0,10.0,8.8,1.0
-1.0,0.0,10.0,8.8,1.0
-1.0,0.0,10.0,8.8,1.0
-1.0,0.0,10.0,8.8,1.0
0.0,1.0,10.0,8.8,2.0
0.0,1.0,10.0,8.8,2.0
0.0,1.0,10.0,8.8,2.0
-1.0,1.0,10.0,8.8,2.0
-1.0,1.0,10.0,8.8,2.0
-2.0,-1.0,10.0,8.8,1.0
-1.0,1.0,10.0,8.9,2.0
-1.0,1.0,10.0,8.9,2.0
-1.0,1.0,10.0,8.8,2.0
-1.0,1.0,10.0,8.8,2.0
-1.0,1.0,10.0,8.8,2.0
-1.0,1.0,10.0,8.8,2.0
-1.0,1.0,10.0,8.8,2.0
-1.0,1.0,10.0,8.8,2.0
-1.0,1.0,10.0,8.8,2.0
0.0,301.5,301.5,56.1,1.0
-42.0,301.5,301.5,56.1,1.0
301.5,301.5,301.5,301.5,1.0
301.5,301.5,301.5,301.5,1.0
39.0,301.5,301.5,52.4,1.0
-5.0,301.5,301.5,52.4,1.0
-41.0,301.5,301.5,52.4,1.0
301.5,12.0,10.0,301.5,1.0
301.5,12.0,10.0,301.5,1.0
301.5,-10.0,10.0,301.5,1.0
301.5,0.0,10.0,301.5,1.0
301.5,0.0,10.0,301.5,1.0
301.5,2.0,10.0,301.5,1.0
301.5,1.0,10.0,301.5,2.0
301.5,1.0,10.0,301.5,2.0
301.5,1.0,10.0,301.5,2.0
301.5,1.0,10.0,301.5,2.0
301.5,1.0,10.0,301.5,2.0
301.5,1.0,10.0,301.5,2.0
301.5,1.0,10.0,301.5,2.0
301.5,1.0,10.0,301.5,2.0
301.5,1.0,10.0,301.5,2.0
301.5,1.0,10.0,301.5,2.0
301.5,1.0,10.0,301.5,2.0
301.5,0.0,10.0,301.5,1.0
301.5,1.0,10.0,301.5,2.0
301.5,1.0,10.0,301.5,2.0
301.5,1.0,10.0,301.5,2.0
301.5,1.0,10.0,301.5,2.0
301.5,1.0,10.0,301.5,2.0
301.5,1.0,10.0,301.5,2.0
301.5,1.0,10.0,301.5,2.0
301.5,1.0,10.0,301.5,2.0
301.5,0.0,10.0,301.5,1.0
301.5,1.0,10.0,301.5,2.0
301.5,1.0,10.0,301.5,2.0
301.5,1.0,10.0,301.5,2.0
301.5,1.0,10.0,301.5,2.0
301.5,1.0,10.0,301.5,2.0
301.5,1.0,10.0,301.5,2.0
301.5,1.0,10.0,301.5,2.0
301.5,1.0,10.0,301.5,2.0
301.5,1.0,10.0,301.5,2.0
301.5,1.0,10.0,301.5,2.0
301.5,1.0,10.0,301.5,2.0
301.5,1.0,10.0,301.5,2.0
301.5,1.0,10.0,301.5,2.0
301.5,1.0,10.0,301.5,2.0
301.5,1.0,10.0,301.5,2.0
301.5,1.0,10.0,301.5,2.0
301.5,1.0,10.0,301.5,2.0
301.5,0.0,10.0,301.5,1.0
301.5,1.0,10.0,301.5,2.0
301.5,1.0,10.0,301.5,2.0
301.5,1.0,10.0,301.5,2.0
301.5,1.0,10.0,301.5,2.0
301.5,1.0,10.0,301.5,2.0
301.5,0.0,10.0,301.5,1.0
301.5,1.0,10.0,301.5,2.0
301.5,1.0,10.0,301.5,2.0
301.5,1.0,10.0,301.5,2.0
301.5,1.0,10.0,301.5,2.0
301.5,1.0,10.0,301.5,2.0
301.5,2.0,10.0,301.5,1.0
301.5,1.0,10.0,301.5,2.0
301.5,1.0,10.0,301.5,2.0
301.5,1.0,10.0,301.5,2.0
301.5,1.0,10.0,301.5,2.0
301.5,1.0,10.0,301.5,2.0
301.5,1.0,10.0,301.5,2.0
301.5,1.0,10.0,301.5,2.0
301.5,1.0,10.0,301.5,2.0
301.5,0.0,10.0,301.5,1.0
301.5,1.0,10.0,301.5,2.0
301.5,1.0,10.0,301.5,2.0
301.5,2.0,10.0,301.5,1.0
301.5,1.0,10.0,301.5,2.0
301.5,1.0,10.0,301.5,2.0
301.5,1.0,10.0,301.5,2.0
301.5,0.0,10.0,301.5,1.0
301.5,0.0,10.0,301.5,1.0
301.5,2.0,10.0,301.5,1.0
301.5,1.0,10.0,301.5,2.0
301.5,1.0,10.0,301.5,2.0
301.5,1.0,10.0,301.5,2.0
301.5,1.0,10.0,301.5,2.0
301.5,1.0,10.0,301.5,2.0
301.5,1.0,10.0,301.5,2.0
301.5,1.0,10.0,301.5,2.0
301.5,1.0,10.0,301.5,2.0
301.5,1.0,10.0,301.5,2.0
301.5,2.0,10.0,301.5,1.0
301.5,-11.0,10.0,301.5,1.0
301.5,-30.0,12.0,301.5,1.0
301.5,-11.0,13.2,301.5,1.0
301.5,-15.0,14.5,301.5,1.0
-17.0,5.0,17.4,52.9,1.0
-21.0,-3.0,19.2,52.9,1.0
-21.0,-4.0,21.1,52.9,1.0
-11.0,3.0,23.2,52.9,1.0
-13.0,-1.0,23.2,52.9,1.0
-13.0,-1.0,23.2,52.9,1.0
-9.0,1.0,25.5,52.9,2.0
-9.0,0.0,25.5,51.9,1.0
-9.0,0.0,25.5,51.9,1.0
-8.0,1.0,28.1,51.9,2.0
-8.0,0.0,28.1,50.9,1.0
-8.0,0.0,28.1,50.9,1.0
-6.0,1.0,28.1,50.9,2.0
-6.0,1.0,28.1,49.9,2.0
-6.0,0.0,28.1,49.9,1.0
-6.0,1.0,28.1,48.9,2.0
-6.0,0.0,28.1,48.0,1.0
-6.0,0.0,28.1,48.0,1.0
-5.0,2.0,28.1,47.5,1.0
-5.0,1.0,28.1,47.5,2.0
-5.0,1.0,28.1,47.5,2.0
-6.0,1.0,25.5,46.2,2.0
-6.0,0.0,25.5,45.3,1.0
-6.0,0.0,25.5,44.8,1.0
-4.0,2.0,25.5,44.8,1.0
-5.0,1.0,25.5,44.8,2.0
-5.0,1.0,25.5,44.8,2.0
-6.0,1.0,23.2,43.1,2.0
-6.0,1.0,23.2,42.3,2.0
-6.0,1.0,23.2,41.9,2.0
-6.0,1.0,21.1,40.3,2.0
-6.0,1.0,19.2,39.1,2.0
-6.0,1.0,19.2,38.7,2.0
-6.0,1.0,17.4,37.2,2.0
-7.0,1.0,17.4,36.2,2.0
-7.0,0.0,17.4,35.8,1.0
-6.0,1.0,15.9,34.8,2.0
-7.0,1.0,15.9,34.1,2.0
-7.0,0.0,14.5,34.1,1.0
-7.0,0.0,14.5,32.8,1.0
-6.0,1.0,13.2,32.8,2.0
-6.0,1.0,13.2,32.8,2.0
-6.0,1.0,12.0,31.3,2.0
-7.0,1.0,11.0,30.4,2.0
-7.0,1.0,11.0,30.1,2.0
-7.0,1.0,9.2,28.4,2.0
-7.0,1.0,8.4,27.3,2.0
-8.0,1.0,8.4,27.0,2.0
-8.0,1.0,7.0,26.0,2.0
-8.0,0.0,6.5,25.3,1.0
-8.0,0.0,6.0,25.0,1.0
-7.0,1.0,6.0,25.0,2.0
-7.0,1.0,6.0,24.8,2.0
-7.0,1.0,5.5,24.6,2.0
-7.0,0.0,5.1,24.1,1.0
-6.0,1.0,5.1,24.1,2.0
-6.0,1.0,5.1,24.1,2.0
-7.0,1.0,4.7,23.6,2.0
-7.0,-1.0,4.7,23.6,1.0
-7.0,-1.0,4.7,23.6,1.0
-3.0,4.0,4.7,23.6,1.0
-6.0,1.0,4.7,23.6,2.0
-6.0,1.0,4.7,23.6,2.0
-6.0,0.0,4.0,23.0,1.0
-5.0,1.0,4.0,23.0,2.0
-5.0,1.0,4.0,23.0,2.0
-5.0,0.0,3.7,22.8,1.0
-4.0,1.0,3.7,22.8,2.0
-4.0,1.0,3.7,22.8,2.0
-4.0,-1.0,3.5,22.5,1.0
-2.0,1.0,3.5,22.5,2.0
-2.0,1.0,3.5,22.5,2.0
-2.0,0.0,3.2,22.3,1.0
-1.0,1.0,3.2,22.3,2.0
-1.0,1.0,3.2,22.3,2.0
-1.0,0.0,3.0,22.1,1.0
0.0,1.0,3.0,22.1,2.0
0.0,1.0,3.0,22.1,2.0
0.0,0.0,2.8,21.9,1.0
1.0,1.0,2.8,21.9,2.0
1.0,1.0,2.8,21.9,2.0
1.0,1.0,2.6,21.7,2.0
1.0,1.0,2.5,21.7,2.0
1.0,1.0,2.5,21.7,2.0
1.0,1.0,2.5,21.5,2.0
1.0,1.0,2.3,21.5,2.0
1.0,1.0,2.3,21.5,2.0
1.0,169.0,3.5,21.3,1.0
16.0,9.0,7.0,85.8,1.0
16.0,9.0,7.0,85.8,1.0
0.0,-157.0,2.8,85.8,1.0
-9.0,-6.0,7.0,21.3,1.0
-9.0,-8.0,9.2,21.3,1.0
7.0,5.0,13.2,21.3,1.0
3.0,1.0,15.9,21.3,2.0
3.0,1.0,17.4,21.3,2.0
2.0,1.0,19.2,20.1,2.0
2.0,1.0,19.2,19.2,2.0
2.0,1.0,19.2,18.8,2.0
3.0,1.0,17.4,17.1,2.0
3.0,1.0,17.4,16.2,2.0
3.0,1.0,17.4,16.0,2.0
4.0,1.0,15.9,14.3,2.0
4.0,1.0,14.5,13.3,2.0
4.0,1.0,14.5,13.1,2.0
5.0,2.0,12.0,11.3,1.0
5.0,1.0,12.0,10.9,2.0
5.0,1.0,12.0,10.9,2.0
6.0,2.0,10.0,9.2,1.0
6.0,1.0,10.0,8.8,2.0
6.0,1.0,10.0,8.8,2.0
7.0,1.0,8.4,7.3,2.0
7.0,1.0,7.7,6.5,2.0
8.0,1.0,7.0,6.3,2.0
10.0,1.0,6.0,5.2,2.0
11.0,1.0,5.5,4.6,2.0
11.0,1.0,5.5,4.5,2.0
14.0,1.0,4.7,3.7,2.0
16.0,1.0,4.0,3.3,2.0
17.0,1.0,4.0,3.2,2.0
22.0,1.0,3.5,2.7,2.0
25.0,1.0,3.2,2.5,2.0
26.0,1.0,3.2,2.4,2.0
34.0,301.5,301.5,2.1,1.0
1.0,301.5,301.5,2.0,1.0
-37.0,301.5,301.5,2.0,1.0
301.5,301.5,301.5,301.5,1.0
25.0,25.0,50.4,105.6,1.0
2.0,1.0,50.4,105.6,2.0
2.0,1.0,50.4,104.5,2.0
2.0,1.0,50.4,104.5,2.0
2.0,1.0,50.4,102.5,2.0
2.0,1.0,50.4,101.5,2.0
2.0,1.0,50.4,101.5,2.0
2.0,1.0,45.7,99.5,2.0
2.0,1.0,45.7,98.5,2.0
2.0,1.0,45.7,98.5,2.0
2.0,1.0,45.7,96.6,2.0
2.0,1.0,41.4,95.6,2.0
2.0,1.0,41.4,95.6,2.0
2.0,1.0,41.4,93.8,2.0
2.0,1.0,41.4,92.8,2.0
2.0,1.0,41.4,92.8,2.0
2.0,1.0,37.6,91.0,2.0
2.0,1.0,37.6,90.1,2.0
2.0,1.0,37.6,90.1,2.0
2.0,1.0,37.6,89.2,2.0
2.0,1.0,34.1,88.4,2.0
2.0,1.0,34.1,88.4,2.0
2.0,1.0,34.1,86.6,2.0
2.0,1.0,34.1,85.8,2.0
2.0,1.0,34.1,85.8,2.0
2.0,1.0,31.0,84.1,2.0
2.0,2.0,31.0,83.3,1.0
2.0,2.0,31.0,83.3,1.0
0.0,0.0,31.0,83.3,1.0
1.0,1.0,31.0,83.3,2.0
1.0,1.0,31.0,83.3,2.0
1.0,1.0,28.1,81.6,2.0
1.0,1.0,28.1,80.8,2.0
1.0,1.0,28.1,80.0,2.0
1.0,1.0,25.5,78.5,2.0
1.0,1.0,25.5,77.7,2.0
1.0,1.0,25.5,76.9,2.0
1.0,1.0,23.2,75.4,2.0
1.0,1.0,21.1,74.7,2.0
1.0,1.0,21.1,74.0,2.0
1.0,1.0,21.1,72.5,2.0
1.0,1.0,19.2,71.8,2.0
1.0,1.0,19.2,71.8,2.0
1.0,1.0,17.4,70.4,2.0
1.0,1.0,17.4,69.0,2.0
1.0,1.0,15.9,69.0,2.0
1.0,1.0,14.5,67.0,2.0
1.0,1.0,14.5,66.4,2.0
1.0,1.0,13.2,66.4,2.0
1.0,1.0,12.0,64.4,2.0
1.0,1.0,11.0,63.2,2.0
1.0,1.0,11.0,63.2,2.0
1.0,2.0,9.2,61.3,1.0
0.0,1.0,9.2,61.3,2.0
0.0,1.0,9.2,61.3,2.0
0.0,0.0,7.7,60.1,1.0
1.0,1.0,7.7,60.1,2.0
1.0,1.0,7.7,60.1,2.0
1.0,1.0,7.7,60.1,2.0
1.0,1.0,7.7,60.1,2.0
1.0,1.0,7.7,60.1,2.0
1.0,1.0,7.7,60.1,2.0
1.0,1.0,7.7,60.1,2.0
1.0,1.0,7.7,60.1,2.0
1.0,1.0,7.7,60.1,2.0
1.0,1.0,7.7,60.1,2.0
1.0,1.0,7.7,60.1,2.0
1.0,1.0,7.7,60.1,2.0
1.0,1.0,7.7,60.1,2.0
1.0,1.0,7.7,60.1,2.0
1.0,1.0,7.7,60.1,2.0
1.0,1.0,7.7,60.1,2.0
1.0,1.0,7.7,60.1,2.0
1.0,1.0,7.7,60.1,2.0
1.0,1.0,7.7,60.1,2.0
1.0,1.0,7.7,60.1,2.0
1.0,1.0,7.7,60.1,2.0
1.0,1.0,7.7,60.1,2.0
1.0,1.0,7.7,60.1,2.0
1.0,1.0,7.7,60.1,2.0
1.0,1.0,7.7,60.1,2.0
1.0,1.0,7.7,60.1,2.0
1.0,1.0,7.7,60.1,2.0
1.0,1.0,7.7,60.1,2.0
1.0,1.0,7.7,60.1,2.0
1.0,1.0,7.7,60.1,2.0
1.0,1.0,7.7,60.1,2.0
1.0,1.0,7.7,60.1,2.0
1.0,1.0,7.7,60.1,2.0
1.0,1.0,7.7,60.1,2.0
1.0,1.0,7.7,60.1,2.0
1.0,1.0,7.7,60.1,2.0
1.0,1.0,7.7,60.1,2.0
1.0,1.0,7.7,60.1,2.0
1.0,1.0,7.7,60.1,2.0
1.0,1.0,7.7,60.1,2.0
1.0,1.0,7.7,60.1,2.0
1.0,1.0,7.7,60.1,2.0
1.0,1.0,7.7,60.1,2.0
1.0,1.0,7.7,60.1,2.0
1.0,1.0,7.7,60.1,2.0
1.0,1.0,7.7,60.1,2.0
1.0,1.0,7.7,60.1,2.0
1.0,1.0,7.7,60.1,2.0
1.0,1.0,7.7,60.1,2.0
1.0,1.0,7.7,60.1,2.0
1.0,1.0,7.7,60.1,2.0
1.0,1.0,7.7,60.1,2.0
1.0,1.0,7.7,60.1,2.0
1.0,1.0,7.7,60.1,2.0
1.0,1.0,7.7,60.1,2.0
1.0,1.0,7.7,60.1,2.0
1.0,1.0,7.7,60.1,2.0
1.0,1.0,7.7,60.1,2.0
1.0,1.0,7.7,60.1,2.0
1.0,1.0,7.7,60.1,2.0
1.0,1.0,7.7,60.1,2.0
1.0,1.0,7.7,60.1,2.0
1.0,1.0,7.7,60.1,2.0
1.0,1.0,7.7,60.1,2.0
1.0,1.0,7.7,60.1,2.0
1.0,1.0,7.7,60.1,2.0
1.0,1.0,7.7,60.1,2.0
1.0,1.0,7.7,60.1,2.0
1.0,1.0,7.7,60.1,2.0
1.0,1.0,7.7,60.1,2.0
1.0,1.0,7.7,60.1,2.0
1.0,1.0,7.7,60.1,2.0
1.0,1.0,7.7,60.1,2.0
1.0,1.0,7.7,60.1,2.0
1.0,1.0,7.7,60.1,2.0
1.0,1.0,7.7,60.1,2.0
1.0,1.0,7.7,60.1,2.0
1.0,1.0,7.7,60.1,2.0
1.0,1.0,7.7,60.1,2.0
1.0,1.0,7.7,60.1,2.0
1.0,1.0,7.7,60.1,2.0
1.0,1.0,7.7,60.1,2.0
1.0,1.0,7.7,60.1,2.0
1.0,1.0,7.7,60.1,2.0
1.0,1.0,7.7,60.1,2.0
1.0,1.0,7.7,60.1,2.0
1.0,1.0,7.7,60.1,2.0
1.0,1.0,7.7,60.1,2.0
1.0,1.0,7.7,60.1,2.0
1.0,1.0,7.7,60.1,2.0
1.0,1.0,7.7,60.1,2.0
1.0,1.0,7.7,60.1,2.0
1.0,1.0,7.7,60.1,2.0
1.0,1.0,7.7,60.1,2.0
1.0,1.0,7.7,60.1,2.0
1.0,1.0,7.7,60.1,2.0
1.0,1.0,7.7,60.1,2.0
1.0,1.0,7.7,60.1,2.0
1.0,1.0,7.7,60.1,2.0
1.0,1.0,7.7,60.1,2.0
1.0,1.0,7.7,60.1,2.0
1.0,1.0,7.7,60.1,2.0
1.0,1.0,7.7,60.1,2.0
1.0,1.0,7.7,60.1,2.0
1.0,1.0,7.7,60.1,2.0
1.0,1.0,7.7,60.1,2.0
1.0,1.0,7.7,60.1,2.0
1.0,1.0,7.7,60.1,2.0
1.0,1.0,7.7,60.1,2.0
1.0,1.0,7.7,60.1,2.0
1.0,1.0,7.7,60.1,2.0
1.0,1.0,7.7,60.1,2.0
1.0,1.0,7.7,60.1,2.0
1.0,1.0,7.7,60.1,2.0
1.0,1.0,7.7,60.1,2.0
1.0,1.0,7.7,60.1,2.0
1.0,1.0,7.7,60.1,2.0
1.0,1.0,7.7,60.1,2.0
1.0,1.0,7.7,60.1,2.0
1.0,1.0,7.7,60.1,2.0
1.0,1.0,7.7,60.1,2.0
1.0,1.0,7.7,60.1,2.0
1.0,1.0,7.7,60.1,2.0
1.0,1.0,7.7,60.1,2.0
1.0,1.0,7.7,60.1,2.0
1.0,1.0,7.7,60.1,2.0
1.0,1.0,7.7,60.1,2.0
1.0,1.0,7.7,60.1,2.0
1.0,1.0,7.7,60.1,2.0
1.0,1.0,7.7,60.1,2.0
1.0,1.0,7.7,60.1,2.0
1.0,1.0,7.7,60.1,2.0
1.0,1.0,7.7,60.1,2.0
1.0,1.0,7.7,60.1,2.0
1.0,1.0,7.7,60.1,2.0
1.0,1.0,7.7,60.1,2.0
1.0,1.0,7.7,60.1,2.0
1.0,1.0,7.7,60.1,2.0
1.0,1.0,7.7,60.1,2.0
1.0,1.0,7.7,60.1,2.0
1.0,1.0,7.7,60.1,2.0
1.0,1.0,7.7,60.1,2.0
1.0,1.0,7.7,60.1,2.0
1.0,1.0,7.7,60.1,2.0
1.0,1.0,7.7,60.1,2.0
1.0,1.0,7.7,60.1,2.0
1.0,1.0,7.7,60.1,2.0
1.0,1.0,7.7,60.1,2.0
1.0,1.0,7.7,60.1,2.0
1.0,1.0,7.7,60.1,2.0
1.0,1.0,7.7,60.1,2.0
1.0,1.0,7.7,60.1,2.0
1.0,1.0,7.7,60.1,2.0
1.0,1.0,7.7,60.1,2.0
1.0,1.0,7.7,60.1,2.0
1.0,1.0,7.7,60.1,2.0
1.0,1.0,7.7,60.1,2.0
1.0,1.0,7.7,60.1,2.0
1.0,1.0,7.7,60.1,2.0
1.0,1.0,7.7,60.1,2.0
1.0,1.0,7.7,60.1,2.0
1.0,1.0,7.7,60.1,2.0
1.0,1.0,7.7,60.1,2.0
1.0,1.0,7.7,60.1,2.0
1.0,1.0,7.7,60.1,2.0
1.0,1.0,7.7,60.1,2.0
1.0,1.0,7.7,60.1,2.0
1.0,1.0,7.7,60.1,2.0
1.0,1.0,7.7,60.1,2.0
1.0,1.0,7.7,60.1,2.0
1.0,1.0,7.7,60.1,2.0
1.0,1.0,7.7,60.1,2.0
1.0,1.0,7.7,60.1,2.0
1.0,1.0,7.7,60.1,2.0
1.0,1.0,7.7,60.1,2.0
1.0,1.0,7.7,60.1,2.0
1.0,1.0,7.7,60.1,2.0
1.0,1.0,7.7,60.1,2.0
1.0,1.0,7.7,60.1,2.0
1.0,1.0,7.7,60.1,2.0
1.0,1.0,7.7,60.1,2.0
1.0,1.0,7.7,60.1,2.0
1.0,1.0,7.7,60.1,2.0
1.0,1.0,7.7,60.1,2.0
1.0,1.0,7.7,60.1,2.0
1.0,1.0,7.7,60.1,2.0
1.0,1.0,7.7,60.1,2.0
1.0,1.0,7.7,60.1,2.0
1.0,1.0,7.7,60.1,2.0
1.0,1.0,7.7,60.1,2.0
1.0,1.0,7.7,60.1,2.0
1.0,1.0,7.7,60.1,2.0
1.0,1.0,7.7,60.1,2.0
1.0,1.0,7.7,60.1,2.0
1.0,1.0,7.7,60.1,2.0
1.0,1.0,7.7,60.1,2.0
1.0,1.0,7.7,60.1,2.0
1.0,1.0,7.7,60.1,2.0
1.0,1.0,7.7,60.1,2.0
1.0,1.0,7.7,60.1,2.0
1.0,1.0,7.7,60.1,2.0
1.0,1.0,7.7,60.1,2.0
1.0,1.0,7.7,60.1,2.0
1.0,1.0,7.7,60.1,2.0
1.0,1.0,7.7,60.1,2.0
1.0,1.0,7.7,60.1,2.0
1.0,1.0,7.7,60.1,2.0
1.0,1.0,7.7,60.1,2.0
1.0,1.0,7.7,60.1,2.0
1.0,1.0,7.7,60.1,2.0
1.0,1.0,7.7,60.1,2.0
1.0,1.0,7.7,60.1,2.0
1.0,1.0,7.7,60.1,2.0
1.0,1.0,7.7,60.1,2.0
1.0,1.0,7.7,60.1,2.0
1.0,1.0,7.7,60.1,2.0
1.0,1.0,7.7,60.1,2.0
1.0,1.0,7.7,60.1,2.0
1.0,1.0,7.7,60.1,2.0
1.0,1.0,7.7,60.1,2.0
1.0,1.0,7.7,60.1,2.0
1.0,1.0,7.7,60.1,2.0
1.0,1.0,7.7,60.1,2.0
1.0,1.0,7.7,60.1,2.0
1.0,1.0,7.7,60.1,2.0
1.0,1.0,7.7,60.1,2.0
1.0,1.0,7.7,60.1,2.0
1.0,1.0,7.7,60.1,2.0
1.0,1.0,7.7,60.1,2.0
1.0,1.0,7.7,60.1,2.0
1.0,1.0,7.0,59.6,2.0
1.0,0.0,6.5,59.0,1.0
1.0,0.0,6.5,59.0,1.0
3.0,2.0,6.5,59.0,1.0
2.0,1.0,6.5,59.0,2.0
2.0,1.0,6.5,59.0,2.0
2.0,1.0,6.0,58.4,2.0
2.0,0.0,5.5,57.8,1.0
2.0,0.0,5.5,57.8,1.0
4.0,1.0,5.5,57.8,2.0
4.0,1.0,5.1,57.3,2.0
4.0,1.0,5.1,57.3,2.0
4.0,0.0,4.3,56.7,1.0
5.0,1.0,4.7,57.3,2.0
5.0,1.0,4.7,57.3,2.0
5.0,1.0,4.0,56.7,2.0
5.0,0.0,3.7,56.1,1.0
5.0,0.0,3.7,56.1,1.0
7.0,1.0,3.5,56.1,2.0
7.0,0.0,3.2,55.6,1.0
7.0,0.0,3.2,55.6,1.0
9.0,1.0,3.2,55.6,2.0
9.0,1.0,3.0,55.6,2.0
9.0,1.0,3.0,55.6,2.0
9.0,6.0,8.4,55.1,1.0
4.0,1.0,12.0,55.1,2.0
4.0,1.0,13.2,55.1,2.0
4.0,0.0,15.9,54.0,1.0
5.0,1.0,17.4,53.5,2.0
5.0,1.0,19.2,53.5,2.0
5.0,0.0,19.2,51.9,1.0
6.0,1.0,21.1,52.4,2.0
6.0,1.0,23.2,52.4,2.0
6.0,1.0,23.2,50.9,2.0
6.0,1.0,23.2,50.4,2.0
6.0,1.0,23.2,50.4,2.0
6.0,1.0,23.2,48.5,2.0
6.0,1.0,23.2,47.5,2.0
6.0,1.0,23.2,47.5,2.0
6.0,1.0,23.2,45.7,2.0
6.0,1.0,21.1,44.8,2.0
6.0,1.0,21.1,44.4,2.0
7.0,2.0,21.1,42.7,1.0
6.0,1.0,21.1,42.3,2.0
6.0,1.0,21.1,42.3,2.0
6.0,1.0,19.2,40.6,2.0
7.0,1.0,19.2,39.9,2.0
7.0,1.0,19.2,39.5,2.0
7.0,1.0,17.4,37.6,2.0
7.0,1.0,15.9,36.9,2.0
7.0,0.0,15.9,36.5,1.0
8.0,1.0,15.9,35.5,2.0
8.0,1.0,14.5,34.8,2.0
8.0,1.0,14.5,34.4,2.0
8.0,1.0,13.2,32.8,2.0
8.0,0.0,12.0,31.9,1.0
8.0,0.0,12.0,31.6,1.0
10.0,2.0,12.0,31.6,1.0
9.0,1.0,12.0,31.6,2.0
9.0,1.0,12.0,31.6,2.0
9.0,1.0,10.0,30.1,2.0
9.0,1.0,9.2,29.2,2.0
10.0,1.0,9.2,28.9,2.0
10.0,2.0,7.7,27.6,1.0
10.0,1.0,7.7,27.0,2.0
10.0,1.0,7.7,27.0,2.0
10.0,1.0,6.5,26.0,2.0
10.0,1.0,6.0,25.5,2.0
10.0,0.0,6.0,25.3,1.0
11.0,2.0,5.5,25.0,1.0
10.0,1.0,5.5,25.0,2.0
10.0,1.0,5.5,25.0,2.0
10.0,1.0,5.1,24.3,2.0
11.0,1.0,4.7,24.1,2.0
11.0,1.0,4.7,24.1,2.0
11.0,3.0,4.3,23.9,1.0
9.0,1.0,4.3,23.9,2.0
9.0,1.0,4.3,23.9,2.0
9.0,2.0,4.0,23.4,1.0
8.0,1.0,4.0,23.4,2.0
8.0,1.0,4.0,23.4,2.0
9.0,2.0,3.7,23.2,1.0
8.0,1.0,3.7,23.2,2.0
8.0,1.0,3.7,23.2,2.0
8.0,2.0,3.5,22.8,1.0
7.0,1.0,3.5,23.0,2.0
7.0,1.0,3.5,23.0,2.0
7.0,1.0,3.0,22.5,2.0
7.0,2.0,3.0,22.3,1.0
7.0,2.0,3.0,22.3,1.0
5.0,2.0,2.8,22.3,1.0
4.0,2.0,2.8,22.3,1.0
4.0,2.0,2.8,22.3,1.0
2.0,1.0,2.8,22.3,2.0
2.0,1.0,2.6,22.1,2.0
2.0,1.0,2.6,22.1,2.0
2.0,1.0,2.5,21.9,2.0
2.0,3.0,2.5,21.9,1.0
2.0,3.0,2.5,21.9,1.0
-2.0,0.0,2.5,21.9,1.0
-1.0,1.0,2.5,21.9,2.0
-1.0,1.0,2.3,21.9,2.0
0.0,3.0,2.3,21.7,1.0
-3.0,2.0,2.3,21.7,1.0
-2.0,111.0,1.4,21.7,3.0
-3.0,6.0,4.0,21.7,1.0
-8.0,-6.0,9.2,21.7,1.0
-7.0,-6.0,11.0,21.5,1.0
6.0,7.0,17.4,21.5,1.0
1.0,0.0,21.1,21.5,1.0
1.0,1.0,23.2,21.5,2.0
2.0,2.0,21.1,20.9,1.0
1.0,1.0,21.1,20.9,2.0
1.0,1.0,21.1,20.9,2.0
2.0,1.0,21.1,19.7,2.0
2.0,1.0,19.2,18.8,2.0
2.0,1.0,19.2,18.5,2.0
2.0,1.0,17.4,16.8,2.0
2.0,1.0,15.9,15.9,2.0
2.0,1.0,15.9,15.6,2.0
2.0,1.0,14.5,13.9,2.0
2.0,1.0,13.2,12.8,2.0
2.0,1.0,13.2,12.6,2.0
2.0,1.0,12.0,10.9,2.0
2.0,1.0,11.0,9.8,2.0
2.0,1.0,10.0,9.8,2.0
2.0,2.0,10.0,9.8,1.0
1.0,0.0,10.0,9.8,1.0
1.0,0.0,10.0,9.8,1.0
5.0,4.0,11.0,9.9,1.0
2.0,1.0,11.0,9.9,2.0
2.0,1.0,11.0,9.9,2.0
3.0,2.0,10.0,9.8,1.0
2.0,1.0,10.0,9.8,2.0
2.0,1.0,10.0,9.8,2.0
0.0,301.5,301.5,55.6,1.0
-40.0,34.0,10.0,55.6,1.0
301.5,3.0,10.0,301.5,1.0
301.5,2.0,10.0,301.5,1.0
301.5,2.0,10.0,301.5,1.0
301.5,0.0,10.0,301.5,1.0
301.5,1.0,10.0,301.5,2.0
301.5,1.0,10.0,301.5,2.0
301.5,0.0,10.0,301.5,1.0
301.5,1.0,10.0,301.5,2.0
301.5,1.0,10.0,301.5,2.0
301.5,1.0,10.0,301.5,2.0
301.5,1.0,10.0,301.5,2.0
301.5,1.0,10.0,301.5,2.0
301.5,2.0,10.0,301.5,1.0
301.5,1.0,10.0,301.5,2.0
301.5,1.0,10.0,301.5,2.0
301.5,2.0,10.0,301.5,1.0
301.5,1.0,10.0,301.5,2.0
301.5,1.0,10.0,301.5,2.0
301.5,2.0,10.0,301.5,1.0
301.5,1.0,10.0,301.5,2.0
301.5,1.0,10.0,301.5,2.0
301.5,1.0,10.0,301.5,2.0
301.5,1.0,10.0,301.5,2.0
301.5,1.0,10.0,301.5,2.0
301.5,1.0,10.0,301.5,2.0
301.5,1.0,10.0,301.5,2.0
301.5,1.0,10.0,301.5,2.0
301.5,1.0,10.0,301.5,2.0
301.5,1.0,10.0,301.5,2.0
301.5,1.0,10.0,301.5,2.0
301.5,2.0,10.0,301.5,1.0
301.5,1.0,10.0,301.5,2.0
301.5,1.0,10.0,301.5,2.0
301.5,2.0,10.0,301.5,1.0
301.5,0.0,10.0,301.5,1.0
301.5,0.0,10.0,301.5,1.0
301.5,2.0,10.0,301.5,1.0
301.5,1.0,10.0,301.5,2.0
301.5,1.0,10.0,301.5,2.0
301.5,1.0,10.0,301.5,2.0
301.5,1.0,10.0,301.5,2.0
301.5,1.0,10.0,301.5,2.0
301.5,1.0,10.0,301.5,2.0
301.5,1.0,10.0,301.5,2.0
301.5,1.0,10.0,301.5,2.0
301.5,1.0,10.0,301.5,2.0
301.5,1.0,10.0,301.5,2.0
301.5,1.0,10.0,301.5,2.0
301.5,1.0,10.0,301.5,2.0
301.5,1.0,10.0,301.5,2.0
301.5,1.0,10.0,301.5,2.0
301.5,1.0,10.0,301.5,2.0
301.5,1.0,10.0,301.5,2.0
301.5,1.0,10.0,301.5,2.0
301.5,1.0,10.0,301.5,2.0
301.5,1.0,10.0,301.5,2.0
301.5,1.0,10.0,301.5,2.0
301.5,1.0,10.0,301.5,2.0
301.5,1.0,10.0,301.5,2.0
301.5,1.0,10.0,301.5,2.0
301.5,0.0,10.0,301.5,1.0
301.5,1.0,10.0,301.5,2.0
301.5,1.0,10.0,301.5,2.0
301.5,1.0,10.0,301.5,2.0
301.5,1.0,10.0,301.5,2.0
301.5,1.0,10.0,301.5,2.0
301.5,1.0,10.0,301.5,2.0
301.5,1.0,10.0,301.5,2.0
301.5,1.0,10.0,301.5,2.0
301.5,0.0,10.0,301.5,1.0
301.5,1.0,10.0,301.5,2.0
301.5,1.0,10.0,301.5,2.0
301.5,2.0,10.0,301.5,1.0
301.5,1.0,10.0,301.5,2.0
301.5,1.0,10.0,301.5,2.0
301.5,0.0,10.0,301.5,1.0
301.5,1.0,10.0,301.5,2.0
301.5,1.0,10.0,301.5,2.0
301.5,1.0,10.0,301.5,2.0
301.5,1.0,10.0,301.5,2.0
301.5,1.0,10.0,301.5,2.0
301.5,1.0,10.0,301.5,2.0
301.5,1.0,10.0,301.5,2.0
301.5,1.0,10.0,301.5,2.0
301.5,1.0,10.0,301.5,2.0
301.5,1.0,10.0,301.5,2.0
301.5,14.0,10.0,301.5,1.0
301.5,39.0,12.0,301.5,1.0
40.0,13.0,14.5,53.5,1.0
40.0,17.0,14.5,53.5,1.0
11.0,-5.0,19.2,53.5,1.0
17.0,4.0,21.1,53.5,1.0
17.0,6.0,21.1,53.5,1.0
9.0,0.0,23.2,53.5,1.0
10.0,3.0,25.5,53.5,1.0
10.0,3.0,25.5,53.5,1.0
6.0,1.0,28.1,53.5,2.0
6.0,1.0,28.1,52.9,2.0
6.0,1.0,28.1,52.4,2.0
6.0,2.0,28.1,51.4,1.0
5.0,1.0,28.1,51.4,2.0
5.0,2.0,28.1,51.4,1.0
4.0,1.0,28.1,50.9,2.0
4.0,1.0,28.1,50.4,2.0
4.0,1.0,28.1,49.9,2.0
4.0,1.0,28.1,48.5,2.0
4.0,1.0,28.1,48.0,2.0
4.0,2.0,28.1,48.0,1.0
3.0,1.0,28.1,47.5,2.0
3.0,1.0,28.1,46.6,2.0
3.0,1.0,28.1,46.6,2.0
3.0,1.0,25.5,45.7,2.0
3.0,1.0,25.5,45.3,2.0
3.0,1.0,25.5,45.3,2.0
3.0,1.0,25.5,43.9,2.0
3.0,1.0,25.5,43.5,2.0
3.0,1.0,25.5,43.5,2.0
3.0,1.0,23.2,42.7,2.0
3.0,2.0,23.2,41.9,1.0
3.0,2.0,23.2,41.9,1.0
1.0,0.0,23.2,41.9,1.0
2.0,1.0,23.2,41.9,2.0
2.0,1.0,23.2,41.0,2.0
2.0,1.0,21.1,40.6,2.0
2.0,1.0,21.1,39.5,2.0
2.0,1.0,19.2,38.3,2.0
2.0,2.0,19.2,37.6,1.0
2.0,1.0,19.2,37.2,2.0
2.0,1.0,17.4,36.2,2.0
2.0,1.0,17.4,35.5,2.0
2.0,1.0,15.9,34.4,2.0
2.0,1.0,15.9,34.1,2.0
2.0,1.0,14.5,32.5,2.0
2.0,1.0,13.2,31.3,2.0
2.0,1.0,13.2,31.0,2.0
2.0,0.0,11.0,29.5,1.0
3.0,1.0,11.0,28.9,2.0
3.0,1.0,10.0,28.1,2.0
3.0,1.0,9.2,27.6,2.0
3.0,1.0,8.4,26.8,2.0
3.0,1.0,8.4,26.5,2.0
3.0,2.0,7.0,25.5,1.0
2.0,1.0,7.0,25.5,2.0
2.0,1.0,7.0,25.0,2.0
2.0,1.0,6.5,24.8,2.0
2.0,2.0,6.5,24.6,1.0
2.0,2.0,6.5,24.6,1.0
1.0,1.0,6.5,24.6,2.0
1.0,1.0,6.0,24.3,2.0
1.0,1.0,6.0,23.9,2.0
1.0,1.0,5.5,23.6,2.0
0.0,0.0,5.1,23.4,1.0
2.0,1.0,5.1,23.4,2.0
2.0,2.0,5.1,23.0,1.0
1.0,1.0,5.1,23.2,2.0
1.0,1.0,5.1,23.0,2.0
0.0,-1.0,4.3,22.5,1.0
2.0,-4.0,3.0,22.5,1.0
7.0,-15.0,3.0,22.5,1.0
25.0,3.0,3.0,22.5,1.0
23.0,-7.0,3.5,22.5,1.0
23.0,5.0,5.5,22.5,1.0
26.0,18.0,12.0,22.5,1.0
8.0,1.0,14.5,22.5,2.0
8.0,2.0,15.9,22.5,1.0
7.0,2.0,21.1,21.9,1.0
6.0,1.0,23.2,21.9,2.0
6.0,1.0,23.2,21.3,2.0
6.0,1.0,21.1,20.7,2.0
6.0,1.0,21.1,20.3,2.0
6.0,1.0,21.1,19.4,2.0
7.0,1.0,19.2,18.8,2.0
7.0,1.0,19.2,18.1,2.0
7.0,1.0,17.4,17.3,2.0
7.0,1.0,17.4,16.8,2.0
7.0,1.0,17.4,15.9,2.0
8.0,1.0,15.9,15.0,2.0
7.0,0.0,15.9,14.3,1.0
9.0,2.0,15.9,14.3,1.0
8.0,1.0,15.9,14.3,1.0
7.0,0.0,15.9,14.3,1.0
8.0,1.0,15.9,14.3,2.0
9.0,1.0,14.5,13.2,2.0
9.0,1.0,13.2,12.5,2.0
10.0,1.0,12.0,11.6,2.0
11.0,1.0,12.0,10.7,2.0
11.0,1.0,11.0,10.1,2.0
11.0,0.0,10.0,9.2,1.0
11.0,0.0,10.0,9.2,1.0
12.0,1.0,10.0,9.2,2.0
13.0,1.0,9.2,8.6,2.0
14.0,301.5,301.5,7.7,1.0
-11.0,301.5,301.5,7.5,1.0
301.5,301.5,301.5,301.5,1.0
301.5,301.5,301.5,301.5,1.0
45.0,45.0,45.7,99.5,1.0
0.0,0.0,45.7,99.5,1.0
1.0,1.0,45.7,99.5,2.0
1.0,1.0,45.7,98.5,2.0
1.0,1.0,45.7,98.5,2.0
1.0,1.0,45.7,97.5,2.0
1.0,1.0,45.7,96.6,2.0
1.0,1.0,41.4,94.7,2.0
1.0,1.0,41.4,94.7,2.0
1.0,1.0,41.4,93.8,2.0
1.0,1.0,41.4,92.8,2.0
1.0,1.0,37.6,91.0,2.0
1.0,1.0,37.6,91.0,2.0
1.0,1.0,37.6,90.1,2.0
1.0,1.0,37.6,90.1,2.0
1.0,1.0,37.6,89.2,2.0
1.0,1.0,34.1,88.4,2.0
1.0,1.0,34.1,87.5,2.0
1.0,1.0,34.1,86.6,2.0
1.0,1.0,34.1,84.9,2.0
1.0,1.0,31.0,84.1,2.0
1.0,1.0,31.0,83.3,2.0
1.0,1.0,31.0,82.5,2.0
1.0,1.0,28.1,81.6,2.0
1.0,1.0,28.1,80.0,2.0
1.0,1.0,25.5,79.3,2.0
1.0,1.0,25.5,78.5,2.0
1.0,1.0,25.5,77.7,2.0
1.0,1.0,23.2,76.2,2.0
1.0,1.0,23.2,75.4,2.0
1.0,1.0,21.1,74.7,2.0
1.0,1.0,21.1,73.2,2.0
1.0,1.0,19.2,72.5,2.0
1.0,1.0,19.2,71.8,2.0
1.0,1.0,17.4,70.4,2.0
1.0,0.0,17.4,69.7,1.0
2.0,1.0,17.4,69.0,2.0
2.0,2.0,15.9,68.4,1.0
1.0,1.0,15.9,68.4,2.0
1.0,1.0,14.5,67.7,2.0
1.0,1.0,13.2,66.4,2.0
1.0,1.0,13.2,65.7,2.0
1.0,2.0,12.0,64.4,1.0
1.0,1.0,12.0,63.8,2.0
1.0,1.0,11.0,63.2,2.0
1.0,1.0,10.0,62.6,2.0
0.0,0.0,9.2,61.3,1.0
1.0,1.0,9.2,61.3,2.0
1.0,2.0,8.4,60.7,1.0
1.0,1.0,7.7,60.7,2.0
1.0,1.0,7.7,60.1,2.0
1.0,2.0,7.0,59.6,1.0
0.0,1.0,7.0,59.6,2.0
0.0,1.0,6.5,59.0,2.0
0.0,1.0,6.0,58.4,2.0
0.0,0.0,5.5,57.8,1.0
1.0,1.0,5.1,57.8,2.0
1.0,1.0,5.1,57.3,2.0
1.0,1.0,4.3,56.7,2.0
1.0,1.0,4.3,56.7,2.0
1.0,1.0,3.7,56.1,2.0
1.0,1.0,3.5,56.1,2.0
1.0,1.0,3.2,55.6,2.0
1.0,1.0,3.0,55.6,2.0
1.0,1.0,2.8,55.6,2.0
1.0,1.0,2.6,55.1,2.0
1.0,1.0,2.5,55.1,2.0
1.0,2.0,2.3,55.1,1.0
0.0,1.0,2.3,55.1,2.0
0.0,1.0,2.2,54.5,2.0
0.0,1.0,2.0,54.5,3.0
0.0,1.0,4.0,54.5,2.0
0.0,2.0,7.7,54.5,1.0
-1.0,1.0,13.2,54.0,2.0
-1.0,1.0,13.2,53.5,2.0
-1.0,0.0,15.9,52.9,1.0
-1.0,1.0,17.4,52.4,2.0
-1.0,1.0,19.2,51.4,2.0
-1.0,1.0,19.2,50.9,2.0
-1.0,1.0,21.1,49.4,2.0
-1.0,2.0,19.2,48.5,1.0
-1.0,1.0,21.1,48.0,2.0
-2.0,1.0,21.1,47.5,2.0
-2.0,0.0,21.1,46.6,1.0
-1.0,1.0,21.1,46.2,2.0
-1.0,0.0,21.1,45.3,1.0
0.0,1.0,23.2,45.3,2.0
0.0,1.0,21.1,44.8,2.0
0.0,1.0,21.1,43.5,2.0
0.0,1.0,21.1,42.7,2.0
-1.0,1.0,21.1,41.9,2.0
-1.0,0.0,19.2,40.6,1.0
0.0,1.0,19.2,40.3,2.0
0.0,1.0,19.2,39.5,2.0
0.0,1.0,17.4,38.3,2.0
0.0,1.0,17.4,37.6,2.0
0.0,1.0,15.9,36.5,2.0
0.0,1.0,15.9,35.1,2.0
0.0,1.0,14.5,34.4,2.0
0.0,1.0,13.2,33.5,2.0
0.0,2.0,13.2,32.2,1.0
-1.0,1.0,12.0,32.2,2.0
-1.0,1.0,12.0,31.6,2.0
-1.0,1.0,11.0,30.7,2.0
-1.0,1.0,11.0,30.1,2.0
-1.0,1.0,10.0,29.5,2.0
-1.0,1.0,9.2,28.4,2.0
-1.0,0.0,8.4,27.8,1.0
0.0,1.0,8.4,27.6,2.0
0.0,1.0,7.7,27.0,2.0
0.0,1.0,7.7,26.8,2.0
0.0,1.0,7.0,26.3,2.0
0.0,0.0,6.5,25.5,1.0
0.0,1.0,6.5,25.5,2.0
0.0,1.0,6.0,25.0,2.0
0.0,1.0,5.5,24.6,2.0
0.0,1.0,5.1,24.1,2.0
0.0,1.0,4.7,23.6,2.0
0.0,1.0,4.3,23.2,2.0
0.0,1.0,4.0,23.0,2.0
0.0,1.0,3.7,22.5,2.0
0.0,2.0,3.2,22.3,1.0
-1.0,1.0,3.2,22.3,2.0
-1.0,1.0,3.0,22.1,2.0
-1.0,1.0,2.8,21.9,2.0
-1.0,1.0,2.6,21.7,2.0
-1.0,2.0,2.5,21.5,1.0
-2.0,1.0,2.5,21.5,2.0
-2.0,1.0,2.3,21.3,2.0
-2.0,1.0,2.2,21.3,2.0
-2.0,0.0,2.1,21.1,1.0
-1.0,1.0,2.1,21.1,2.0
-1.0,1.0,2.0,20.9,3.0
-1.0,0.0,10.0,29.5,1.0
0.0,1.0,10.0,29.5,2.0
0.0,1.0,10.0,29.5,2.0
0.0,0.0,10.0,29.5,1.0
1.0,1.0,10.0,29.5,2.0
1.0,1.0,10.0,29.5,2.0
1.0,1.0,10.0,29.5,2.0
1.0,2.0,10.0,29.5,1.0
0.0,0.0,10.0,29.5,1.0
1.0,1.0,10.0,29.5,2.0
1.0,1.0,10.0,29.5,2.0
1.0,1.0,10.0,29.5,2.0
1.0,1.0,10.0,29.5,2.0
1.0,1.0,10.0,29.5,2.0
1.0,1.0,10.0,29.5,2.0
1.0,1.0,10.0,29.5,2.0
1.0,1.0,8.4,28.9,2.0
1.0,0.0,5.1,28.4,1.0
2.0,68.0,1.4,28.1,3.0
2.0,8.0,4.0,28.1,1.0
-6.0,-4.0,6.5,28.1,1.0
0.0,-121.0,1.6,28.1,3.0
0.0,-97.0,1.7,28.1,3.0
0.0,-10.0,6.5,28.1,1.0
11.0,5.0,14.5,28.1,1.0
7.0,2.0,15.9,28.1,1.0
6.0,1.0,21.1,28.1,2.0
6.0,2.0,25.5,27.3,1.0
5.0,1.0,25.5,27.3,2.0
5.0,1.0,28.1,26.5,2.0
5.0,1.0,25.5,25.3,2.0
5.0,1.0,25.5,24.6,2.0
5.0,1.0,25.5,23.4,2.0
6.0,1.0,23.2,22.3,2.0
6.0,1.0,23.2,21.5,2.0
6.0,1.0,21.1,20.5,2.0
6.0,1.0,21.1,19.7,2.0
7.0,1.0,21.1,19.2,2.0
7.0,2.0,19.2,18.1,1.0
7.0,1.0,19.2,17.8,2.0
7.0,1.0,17.4,17.1,2.0
7.0,1.0,17.4,16.2,2.0
8.0,1.0,15.9,14.9,2.0
8.0,1.0,15.9,14.2,2.0
9.0,1.0,14.5,13.2,2.0
10.0,1.0,13.2,11.9,2.0
11.0,2.0,12.0,11.4,1.0
10.0,1.0,12.0,11.2,2.0
11.0,1.0,12.0,10.6,2.0
12.0,1.0,11.0,10.1,2.0
13.0,1.0,10.0,9.5,2.0
13.0,1.0,10.0,9.5,2.0
13.0,1.0,10.0,9.5,2.0
13.0,1.0,10.0,9.5,2.0
14.0,301.5,301.5,56.7,1.0
-27.0,39.0,10.0,56.7,1.0
301.5,5.0,10.0,301.5,1.0
301.5,1.0,10.0,301.5,2.0
301.5,1.0,10.0,301.5,2.0
301.5,1.0,10.0,301.5,2.0
301.5,1.0,10.0,301.5,2.0
301.5,0.0,10.0,301.5,1.0
301.5,1.0,10.0,301.5,2.0
301.5,1.0,10.0,301.5,2.0
301.5,1.0,10.0,301.5,2.0
301.5,1.0,10.0,301.5,2.0
301.5,1.0,10.0,301.5,2.0
301.5,1.0,10.0,301.5,2.0
301.5,1.0,10.0,301.5,2.0
301.5,1.0,10.0,301.5,2.0
301.5,1.0,10.0,301.5,2.0
301.5,1.0,10.0,301.5,2.0
301.5,1.0,10.0,301.5,2.0
301.5,1.0,10.0,301.5,2.0
301.5,1.0,10.0,301.5,2.0
301.5,1.0,10.0,301.5,2.0
301.5,1.0,10.0,301.5,2.0
301.5,1.0,10.0,301.5,2.0
301.5,2.0,10.0,301.5,1.0
301.5,1.0,10.0,301.5,2.0
301.5,1.0,10.0,301.5,2.0
301.5,1.0,10.0,301.5,2.0
301.5,1.0,10.0,301.5,2.0
301.5,1.0,10.0,301.5,2.0
301.5,1.0,10.0,301.5,2.0
301.5,1.0,10.0,301.5,2.0
301.5,0.0,10.0,301.5,1.0
301.5,1.0,10.0,301.5,2.0
301.5,2.0,10.0,301.5,1.0
301.5,0.0,10.0,301.5,1.0
301.5,1.0,10.0,301.5,2.0
301.5,1.0,10.0,301.5,2.0
301.5,1.0,10.0,301.5,2.0
301.5,1.0,10.0,301.5,2.0
301.5,1.0,10.0,301.5,2.0
301.5,2.0,10.0,301.5,1.0
301.5,1.0,10.0,301.5,2.0
301.5,0.0,10.0,301.5,1.0
301.5,1.0,10.0,301.5,2.0
301.5,1.0,10.0,301.5,2.0
301.5,1.0,10.0,301.5,2.0
301.5,1.0,10.0,301.5,2.0
301.5,1.0,10.0,301.5,2.0
301.5,1.0,10.0,301.5,2.0
301.5,2.0,10.0,301.5,1.0
301.5,1.0,10.0,301.5,2.0
301.5,1.0,10.0,301.5,2.0
301.5,0.0,10.0,301.5,1.0
301.5,1.0,10.0,301.5,2.0
301.5,1.0,10.0,301.5,2.0
301.5,1.0,10.0,301.5,2.0
301.5,1.0,10.0,301.5,2.0
301.5,1.0,10.0,301.5,2.0
301.5,1.0,10.0,301.5,2.0
301.5,2.0,10.0,301.5,1.0
301.5,1.0,10.0,301.5,2.0
301.5,1.0,10.0,301.5,2.0
301.5,1.0,10.0,301.5,2.0
301.5,1.0,10.0,301.5,2.0
301.5,1.0,10.0,301.5,2.0
301.5,1.0,10.0,301.5,2.0
301.5,1.0,10.0,301.5,2.0
301.5,0.0,10.0,301.5,1.0
301.5,1.0,10.0,301.5,2.0
301.5,1.0,10.0,301.5,2.0
301.5,1.0,10.0,301.5,2.0
301.5,1.0,10.0,301.5,2.0
301.5,1.0,10.0,301.5,2.0
301.5,1.0,10.0,301.5,2.0
301.5,14.0,9.2,301.5,1.0
301.5,31.0,10.0,301.5,1.0
301.5,28.0,13.2,301.5,1.0
34.0,6.0,13.2,51.9,1.0
30.0,7.0,15.9,51.9,1.0
23.0,7.0,19.2,51.9,1.0
17.0,2.0,19.2,51.9,1.0
16.0,3.0,21.1,51.9,1.0
14.0,4.0,23.2,51.9,1.0
10.0,2.0,23.2,51.9,1.0
9.0,2.0,25.5,51.9,1.0
8.0,2.0,25.5,51.9,1.0
7.0,2.0,28.1,51.9,1.0
6.0,2.0,28.1,51.9,1.0
5.0,1.0,28.1,51.9,2.0
5.0,2.0,28.1,51.4,1.0
5.0,1.0,28.1,51.4,2.0
5.0,2.0,28.1,50.4,1.0
4.0,1.0,28.1,50.4,2.0
4.0,2.0,28.1,49.9,1.0
3.0,1.0,28.1,49.4,2.0
3.0,2.0,28.1,48.9,1.0
2.0,1.0,28.1,48.5,2.0
2.0,1.0,28.1,48.0,2.0
2.0,1.0,28.1,47.1,2.0
3.0,2.0,28.1,46.2,1.0
2.0,1.0,28.1,45.7,2.0
2.0,1.0,25.5,45.3,2.0
2.0,1.0,25.5,44.8,2.0
2.0,2.0,25.5,43.9,1.0
1.0,1.0,25.5,43.9,2.0
1.0,1.0,25.5,43.1,2.0
1.0,1.0,23.2,41.9,2.0
1.0,1.0,23.2,41.0,2.0
1.0,1.0,21.1,40.3,2.0
1.0,1.0,21.1,39.1,2.0
1.0,1.0,21.1,38.7,2.0
1.0,1.0,19.2,38.0,2.0
1.0,2.0,19.2,37.6,1.0
0.0,1.0,19.2,37.6,2.0
0.0,1.0,19.2,36.9,2.0
0.0,1.0,17.4,35.8,2.0
0.0,0.0,17.4,34.8,1.0
1.0,1.0,17.4,35.1,2.0
1.0,1.0,15.9,34.1,2.0
1.0,1.0,15.9,33.5,2.0
1.0,1.0,14.5,32.2,2.0
1.0,1.0,13.2,31.0,2.0
1.0,1.0,13.2,30.4,2.0
1.0,1.0,12.0,29.8,2.0
1.0,2.0,12.0,29.5,1.0
0.0,1.0,12.0,29.5,2.0
0.0,1.0,11.0,28.7,2.0
0.0,1.0,10.0,27.6,2.0
0.0,1.0,9.2,27.0,2.0
0.0,1.0,8.4,26.0,2.0
0.0,1.0,7.7,25.5,2.0
0.0,0.0,7.7,25.0,1.0
1.0,2.0,7.7,25.3,1.0
0.0,1.0,7.7,25.0,2.0
0.0,1.0,7.0,24.8,2.0
0.0,1.0,6.5,24.1,2.0
0.0,1.0,6.0,23.4,2.0
0.0,1.0,5.5,23.2,2.0
0.0,0.0,5.5,23.0,1.0
1.0,2.0,5.5,23.0,1.0
0.0,1.0,5.5,23.0,2.0
0.0,1.0,5.1,22.5,2.0
0.0,1.0,4.7,22.3,2.0
0.0,1.0,4.3,22.1,2.0
-1.0,0.0,4.3,21.9,1.0
1.0,1.0,4.3,21.9,2.0
0.0,1.0,4.0,21.7,2.0
0.0,1.0,4.0,21.7,2.0
0.0,0.0,3.7,21.5,1.0
1.0,1.0,3.7,21.5,2.0
1.0,0.0,3.5,21.3,1.0
2.0,1.0,3.5,21.3,2.0
2.0,0.0,3.5,21.1,1.0
3.0,1.0,3.5,21.1,2.0
3.0,0.0,3.2,20.9,1.0
4.0,1.0,3.2,20.9,2.0
4.0,1.0,3.0,20.7,2.0
4.0,0.0,2.8,20.7,1.0
5.0,2.0,2.8,20.7,1.0
4.0,-37.0,1.4,20.5,1.0
-39.0,301.5,301.5,20.5,1.0
301.5,301.5,301.5,301.5,1.0
301.5,174.0,3.0,301.5,1.0
301.5,301.5,301.5,301.5,1.0
18.0,14.0,11.0,20.5,1.0
4.0,2.0,14.5,20.5,1.0
3.0,2.0,14.5,20.5,1.0
2.0,2.0,15.9,20.5,1.0
0.0,1.0,19.2,20.5,2.0
-1.0,0.0,19.2,19.9,1.0
0.0,1.0,19.2,19.9,2.0
0.0,1.0,19.2,19.2,2.0
0.0,1.0,19.2,18.5,2.0
0.0,1.0,17.4,17.4,2.0
0.0,1.0,15.9,16.2,2.0
0.0,1.0,15.9,15.6,2.0
0.0,2.0,14.5,14.6,1.0
-1.0,1.0,14.5,14.2,2.0
-1.0,1.0,13.2,13.6,2.0
-1.0,0.0,13.2,12.7,1.0
-1.0,1.0,12.0,12.2,2.0
-1.0,1.0,12.0,11.6,2.0
-2.0,1.0,11.0,10.7,2.0
-3.0,0.0,9.2,9.4,1.0
-2.0,0.0,9.2,9.3,1.0
-2.0,1.0,9.2,9.2,2.0
-2.0,1.0,8.4,8.5,2.0
-2.0,1.0,8.4,8.0,2.0
-2.0,1.0,7.0,7.3,2.0
-3.0,1.0,6.5,6.4,2.0
-3.0,2.0,6.0,6.0,1.0
-3.0,1.0,6.0,5.8,2.0
-4.0,1.0,5.5,5.3,2.0
-5.0,1.0,5.1,5.0,2.0
-5.0,1.0,4.7,4.6,2.0
-6.0,301.5,301.5,4.1,1.0
-39.0,301.5,301.5,4.1,1.0
301.5,301.5,301.5,301.5,1.0
301.5,301.5,301.5,301.5,1.0
46.0,301.5,301.5,103.5,1.0
8.0,9.0,50.4,103.5,1.0
0.0,1.0,50.4,103.5,2.0
0.0,1.0,50.4,102.5,2.0
0.0,1.0,50.4,101.5,2.0
0.0,1.0,45.7,100.5,2.0
0.0,1.0,45.7,99.5,2.0
0.0,1.0,45.7,99.5,2.0
0.0,1.0,45.7,98.5,2.0
0.0,1.0,45.7,98.5,2.0
0.0,1.0,45.7,97.5,2.0
0.0,1.0,45.7,96.6,2.0
0.0,1.0,45.7,96.6,2.0
0.0,1.0,41.4,95.6,2.0
0.0,1.0,41.4,94.7,2.0
0.0,1.0,41.4,93.8,2.0
0.0,1.0,41.4,93.8,2.0
0.0,1.0,41.4,92.8,2.0
0.0,1.0,41.4,91.9,2.0
0.0,1.0,37.6,91.9,2.0
0.0,1.0,37.6,91.0,2.0
0.0,1.0,37.6,90.1,2.0
0.0,1.0,37.6,89.2,2.0
0.0,1.0,37.6,88.4,2.0
0.0,0.0,34.1,87.5,1.0
1.0,2.0,34.1,88.4,1.0
0.0,1.0,34.1,87.5,2.0
0.0,1.0,34.1,87.5,2.0
0.0,1.0,34.1,85.8,2.0
0.0,1.0,31.0,84.9,2.0
0.0,1.0,31.0,84.1,2.0
0.0,1.0,31.0,83.3,2.0
0.0,1.0,31.0,82.5,2.0
0.0,1.0,28.1,81.6,2.0
0.0,1.0,28.1,80.8,2.0
0.0,1.0,28.1,80.8,2.0
0.0,1.0,28.1,80.0,2.0
0.0,1.0,28.1,79.3,2.0
0.0,1.0,25.5,79.3,2.0
0.0,1.0,25.5,78.5,2.0
0.0,1.0,25.5,77.7,2.0
0.0,1.0,25.5,76.9,2.0
0.0,1.0,23.2,76.2,2.0
0.0,1.0,23.2,75.4,2.0
0.0,1.0,23.2,74.7,2.0
0.0,1.0,21.1,74.0,2.0
0.0,1.0,21.1,73.2,2.0
0.0,1.0,19.2,72.5,2.0
0.0,1.0,19.2,71.8,2.0
0.0,1.0,17.4,70.4,2.0
0.0,1.0,17.4,69.7,2.0
0.0,1.0,15.9,69.0,2.0
0.0,1.0,15.9,67.7,2.0
0.0,1.0,14.5,67.0,2.0
0.0,0.0,14.5,66.4,1.0
1.0,2.0,14.5,66.4,1.0
0.0,1.0,13.2,66.4,2.0
0.0,1.0,13.2,65.7,2.0
0.0,1.0,13.2,65.1,2.0
0.0,1.0,12.0,64.4,2.0
0.0,1.0,11.0,63.8,2.0
0.0,1.0,10.0,62.6,2.0
0.0,1.0,9.2,61.3,2.0
0.0,1.0,8.4,60.7,2.0
0.0,1.0,7.7,60.1,2.0
0.0,1.0,7.0,59.6,2.0
0.0,0.0,7.0,59.6,1.0
1.0,1.0,7.0,59.6,2.0
0.0,0.0,6.5,59.0,1.0
1.0,2.0,6.5,59.0,1.0
1.0,1.0,6.5,59.0,2.0
1.0,1.0,6.0,58.4,2.0
0.0,0.0,6.0,58.4,1.0
1.0,1.0,6.0,58.4,2.0
1.0,1.0,5.5,57.8,2.0
1.0,1.0,5.5,57.8,2.0
1.0,1.0,5.1,57.3,2.0
1.0,1.0,4.3,56.7,2.0
1.0,0.0,4.3,56.7,1.0
2.0,1.0,4.3,56.7,2.0
2.0,1.0,4.0,56.1,2.0
2.0,1.0,3.7,56.1,2.0
2.0,0.0,3.7,56.1,1.0
3.0,1.0,3.5,56.1,2.0
3.0,0.0,3.5,56.1,1.0
4.0,0.0,3.5,55.6,1.0
5.0,1.0,3.5,55.6,2.0
5.0,1.0,3.2,55.6,2.0
5.0,1.0,3.2,55.6,2.0
5.0,0.0,3.0,55.6,1.0
6.0,1.0,3.0,55.6,2.0
6.0,1.0,3.0,55.6,2.0
6.0,0.0,2.8,55.1,1.0
7.0,1.0,2.8,55.6,2.0
6.0,1.0,10.0,62.6,2.0
7.0,1.0,9.2,61.9,2.0
7.0,1.0,9.2,61.3,2.0
7.0,1.0,8.4,60.7,2.0
7.0,1.0,7.0,59.6,2.0
7.0,1.0,7.0,59.6,2.0
7.0,1.0,6.5,59.0,2.0
7.0,1.0,5.5,57.8,2.0
7.0,1.0,5.1,57.8,2.0
7.0,1.0,4.7,57.3,2.0
7.0,1.0,4.3,56.7,2.0
7.0,1.0,4.0,56.7,2.0
7.0,1.0,3.7,56.1,2.0
7.0,0.0,3.2,55.6,1.0
8.0,1.0,3.2,55.6,2.0
8.0,1.0,3.0,55.6,2.0
8.0,1.0,2.8,55.6,2.0
8.0,1.0,2.8,55.1,2.0
8.0,1.0,2.6,55.1,2.0
8.0,1.0,2.5,55.1,2.0
8.0,1.0,2.3,55.1,2.0
8.0,2.0,2.2,54.5,1.0
7.0,1.0,2.1,54.5,2.0
7.0,1.0,2.1,54.5,2.0
7.0,1.0,1.9,54.5,3.0
7.0,12.0,2.3,54.5,1.0
-4.0,150.0,1.4,54.5,3.0
-4.0,0.0,3.5,54.5,1.0
-3.0,133.0,1.4,54.5,3.0
-3.0,0.0,3.2,54.5,1.0
-2.0,-2.0,8.4,54.5,1.0
1.0,3.0,14.5,54.5,1.0
-1.0,1.0,15.9,54.5,2.0
-1.0,2.0,19.2,53.5,1.0
-2.0,2.0,23.2,52.9,1.0
-3.0,1.0,23.2,52.9,2.0
-3.0,2.0,25.5,52.4,1.0
-4.0,1.0,28.1,51.9,2.0
-3.0,2.0,28.1,51.4,1.0
-4.0,1.0,28.1,51.4,2.0
-4.0,1.0,31.0,50.4,2.0
-4.0,1.0,31.0,49.9,2.0
-4.0,1.0,31.0,49.4,2.0
-5.0,1.0,31.0,48.0,2.0
-5.0,1.0,31.0,47.1,2.0
-5.0,2.0,31.0,46.6,1.0
-5.0,1.0,31.0,46.2,2.0
-5.0,1.0,31.0,45.7,2.0
-6.0,1.0,31.0,44.8,2.0
-6.0,1.0,28.1,43.9,2.0
-6.0,1.0,28.1,43.1,2.0
-6.0,1.0,28.1,42.3,2.0
-6.0,1.0,28.1,41.0,2.0
-6.0,1.0,25.5,40.3,2.0
-7.0,1.0,25.5,39.1,2.0
-7.0,1.0,25.5,38.0,2.0
-7.0,2.0,23.2,37.2,1.0
-8.0,1.0,25.5,37.2,2.0
-8.0,1.0,23.2,36.5,2.0
-8.0,1.0,23.2,35.8,2.0
-9.0,1.0,23.2,34.8,2.0
-9.0,1.0,21.1,33.5,2.0
-9.0,0.0,21.1,32.8,1.0
-9.0,1.0,19.2,32.5,2.0
-9.0,1.0,19.2,31.6,2.0
-9.0,1.0,19.2,31.0,2.0
-10.0,1.0,17.4,29.8,2.0
-10.0,1.0,15.9,28.7,2.0
-10.0,1.0,15.9,27.8,2.0
-11.0,1.0,14.5,27.0,2.0
-12.0,1.0,14.5,26.0,2.0
-12.0,1.0,13.2,25.5,2.0
-12.0,1.0,12.0,24.6,2.0
-13.0,0.0,11.0,23.4,1.0
-13.0,1.0,11.0,23.2,2.0
-13.0,1.0,10.0,22.5,2.0
-14.0,1.0,9.2,21.5,2.0
-14.0,1.0,9.2,21.1,2.0
-15.0,1.0,8.4,20.5,2.0
-15.0,1.0,7.0,19.5,2.0
-16.0,1.0,7.0,19.2,2.0
-16.0,2.0,6.5,18.6,1.0
-17.0,2.0,6.0,18.5,1.0
-18.0,1.0,6.0,18.5,2.0
-18.0,0.0,6.0,18.1,1.0
-17.0,2.0,6.0,18.1,1.0
-18.0,1.0,6.0,18.1,2.0
-19.0,0.0,5.5,17.8,1.0
-18.0,2.0,5.1,17.4,1.0
-19.0,1.0,5.1,17.4,2.0
-20.0,1.0,5.1,17.3,2.0
-20.0,1.0,4.7,17.0,2.0
-20.0,1.0,4.3,16.8,2.0
-20.0,1.0,4.3,16.6,2.0
-21.0,2.0,4.0,16.3,1.0
-22.0,1.0,4.0,16.3,2.0
-22.0,1.0,3.7,16.2,2.0
-22.0,1.0,3.5,15.9,2.0
-23.0,1.0,3.2,15.7,2.0
-23.0,1.0,3.0,15.4,2.0
-23.0,1.0,3.0,15.4,2.0
-23.0,1.0,2.8,15.3,2.0
-23.0,1.0,2.8,15.2,2.0
-24.0,1.0,2.6,15.0,2.0
-24.0,2.0,2.5,15.0,1.0
-25.0,-15.0,3.7,15.0,1.0
-9.0,-4.0,11.0,15.0,1.0
-4.0,1.0,13.2,15.0,2.0
-5.0,0.0,14.5,14.3,1.0
-4.0,2.0,14.5,13.9,1.0
-4.0,1.0,14.5,13.9,2.0
-5.0,1.0,14.5,13.3,2.0
-5.0,1.0,13.2,12.0,2.0
-6.0,1.0,12.0,11.3,2.0
-6.0,1.0,11.0,10.2,2.0
-6.0,1.0,10.0,9.8,2.0
-6.0,2.0,10.0,9.8,1.0
-7.0,1.0,10.0,9.8,2.0
-7.0,1.0,10.0,9.8,2.0
-7.0,1.0,10.0,9.8,2.0
-7.0,1.0,10.0,9.8,2.0
-7.0,0.0,10.0,9.8,1.0
-6.0,1.0,10.0,9.8,2.0
-6.0,1.0,10.0,9.8,2.0
-4.0,3.0,10.0,9.8,1.0
-6.0,1.0,10.0,9.8,2.0
-6.0,1.0,10.0,9.8,2.0
-5.0,3.0,10.0,9.8,1.0
-7.0,1.0,10.0,9.8,2.0
-7.0,0.0,10.0,9.8,1.0
-4.0,3.0,11.0,9.8,1.0
-6.0,1.0,11.0,9.8,2.0
-6.0,1.0,10.0,9.8,2.0
-4.0,301.5,301.5,56.1,1.0
-44.0,301.5,301.5,56.1,1.0
301.5,301.5,301.5,301.5,1.0
301.5,301.5,301.5,301.5,1.0
39.0,301.5,301.5,52.4,1.0
0.0,301.5,301.5,52.4,1.0
-39.0,301.5,301.5,52.4,1.0
301.5,11.0,10.0,301.5,1.0
301.5,0.0,10.0,301.5,1.0
301.5,1.0,10.0,301.5,2.0
301.5,1.0,10.0,301.5,2.0
301.5,1.0,10.0,301.5,2.0
301.5,1.0,10.0,301.5,2.0
301.5,1.0,10.0,301.5,2.0
301.5,1.0,10.0,301.5,2.0
301.5,1.0,10.0,301.5,2.0
301.5,1.0,10.0,301.5,2.0
301.5,1.0,10.0,301.5,2.0
301.5,1.0,10.0,301.5,2.0
301.5,1.0,10.0,301.5,2.0
301.5,2.0,10.0,301.5,1.0
301.5,1.0,10.0,301.5,2.0
301.5,1.0,10.0,301.5,2.0
301.5,1.0,10.0,301.5,2.0
301.5,1.0,10.0,301.5,2.0
301.5,1.0,10.0,301.5,2.0
301.5,1.0,10.0,301.5,2.0
301.5,1.0,10.0,301.5,2.0
301.5,2.0,10.0,301.5,1.0
301.5,0.0,10.0,301.5,1.0
301.5,1.0,10.0,301.5,2.0
301.5,1.0,10.0,301.5,2.0
301.5,1.0,10.0,301.5,2.0
301.5,1.0,10.0,301.5,2.0
301.5,1.0,10.0,301.5,2.0
301.5,1.0,10.0,301.5,2.0
301.5,1.0,10.0,301.5,2.0
301.5,1.0,10.0,301.5,2.0
301.5,1.0,10.0,301.5,2.0
301.5,1.0,10.0,301.5,2.0
301.5,1.0,10.0,301.5,2.0
301.5,1.0,10.0,301.5,2.0
301.5,1.0,10.0,301.5,2.0
301.5,1.0,10.0,301.5,2.0
301.5,2.0,10.0,301.5,1.0
301.5,1.0,10.0,301.5,2.0
301.5,1.0,10.0,301.5,2.0
301.5,1.0,10.0,301.5,2.0
301.5,1.0,10.0,301.5,2.0
301.5,1.0,10.0,301.5,2.0
301.5,1.0,10.0,301.5,2.0
301.5,1.0,10.0,301.5,2.0
301.5,1.0,10.0,301.5,2.0
301.5,2.0,10.0,301.5,1.0
301.5,1.0,10.0,301.5,2.0
301.5,1.0,10.0,301.5,2.0
301.5,0.0,10.0,301.5,1.0
301.5,1.0,10.0,301.5,2.0
301.5,1.0,10.0,301.5,2.0
301.5,1.0,10.0,301.5,2.0
301.5,1.0,10.0,301.5,2.0
301.5,1.0,10.0,301.5,2.0
301.5,1.0,10.0,301.5,2.0
301.5,1.0,10.0,301.5,2.0
301.5,1.0,10.0,301.5,2.0
301.5,1.0,10.0,301.5,2.0
301.5,1.0,10.0,301.5,2.0
301.5,1.0,10.0,301.5,2.0
301.5,1.0,10.0,301.5,2.0
301.5,1.0,10.0,301.5,2.0
301.5,1.0,10.0,301.5,2.0
301.5,-12.0,10.0,301.5,1.0
301.5,-11.0,11.0,301.5,1.0
301.5,-18.0,12.0,301.5,1.0
301.5,-14.0,14.5,301.5,1.0
-31.0,-2.0,15.9,52.4,1.0
-28.0,-4.0,17.4,52.4,1.0
-23.0,-4.0,21.1,52.4,1.0
-18.0,0.0,21.1,52.4,1.0
-17.0,-1.0,23.2,52.4,1.0
-15.0,-1.0,25.5,52.4,1.0
-13.0,0.0,25.5,52.4,1.0
-12.0,0.0,25.5,52.4,1.0
-12.0,-1.0,28.1,52.4,1.0
-10.0,1.0,28.1,52.4,2.0
-10.0,0.0,28.1,51.9,1.0
-9.0,0.0,28.1,51.4,1.0
-8.0,1.0,31.0,51.4,2.0
-9.0,1.0,31.0,50.9,2.0
-9.0,0.0,28.1,49.9,1.0
-8.0,1.0,28.1,49.9,2.0
-8.0,1.0,28.1,49.4,2.0
-8.0,1.0,28.1,48.0,2.0
-8.0,1.0,28.1,47.1,2.0
-9.0,1.0,28.1,46.2,2.0
-9.0,1.0,25.5,45.3,2.0
-9.0,1.0,25.5,44.8,2.0
-9.0,1.0,25.5,43.9,2.0
-9.0,1.0,23.2,42.7,2.0
-9.0,1.0,23.2,41.9,2.0
-10.0,1.0,23.2,40.6,2.0
-10.0,1.0,21.1,39.5,2.0
-10.0,1.0,21.1,38.7,2.0
-10.0,1.0,19.2,38.0,2.0
-11.0,1.0,19.2,36.5,2.0
-11.0,0.0,17.4,35.8,1.0
-11.0,1.0,17.4,35.5,2.0
-11.0,1.0,15.9,34.4,2.0
-11.0,1.0,15.9,33.8,2.0
-12.0,1.0,14.5,32.8,2.0
-12.0,1.0,13.2,31.6,2.0
-13.0,1.0,13.2,31.0,2.0
-13.0,0.0,12.0,30.1,1.0
-13.0,0.0,11.0,29.5,1.0
-12.0,1.0,11.0,29.5,2.0
-12.0,1.0,11.0,28.9,2.0
-13.0,1.0,10.0,27.8,2.0
-13.0,1.0,9.2,27.3,2.0
-14.0,1.0,8.4,26.5,2.0
-14.0,1.0,7.0,25.5,2.0
-15.0,1.0,7.0,25.0,2.0
-15.0,1.0,6.0,24.3,2.0
-15.0,2.0,5.5,23.9,1.0
-16.0,1.0,5.5,23.6,2.0
-16.0,1.0,5.1,23.4,2.0
-17.0,1.0,4.7,23.0,2.0
-17.0,1.0,4.3,22.8,2.0
-17.0,0.0,4.0,22.3,1.0
-17.0,1.0,4.0,22.3,2.0
-17.0,2.0,3.7,22.1,1.0
-18.0,1.0,3.7,21.9,2.0
-18.0,2.0,3.5,21.7,1.0
-19.0,1.0,3.5,21.7,2.0
-19.0,1.0,3.2,21.7,2.0
-19.0,1.0,3.0,21.5,2.0
-19.0,1.0,2.8,21.3,2.0
-19.0,0.0,2.6,21.1,1.0
-19.0,1.0,2.6,21.1,2.0
-19.0,1.0,2.5,20.9,2.0
-19.0,1.0,2.3,20.9,2.0
-19.0,1.0,2.2,20.7,2.0
-19.0,0.0,2.1,20.5,1.0
-18.0,1.0,2.0,20.5,1.0
301.5,-36.0,2.0,301.5,1.0
301.5,-76.0,2.0,301.5,1.0
45.0,-119.0,2.0,86.6,3.0
45.0,-119.0,2.0,86.6,3.0
45.0,27.0,1.8,86.6,3.0
45.0,42.0,5.1,86.6,1.0
2.0,1.0,9.2,86.6,2.0
2.0,5.0,6.0,86.6,1.0
-1.0,126.0,1.4,86.6,3.0
-1.0,301.5,301.5,86.6,1.0
-39.0,301.5,301.5,86.6,1.0
301.5,301.5,301.5,301.5,1.0
301.5,301.5,301.5,301.5,1.0
13.0,15.0,21.1,20.5,1.0
0.0,2.0,21.1,20.5,1.0
-1.0,1.0,21.1,20.5,2.0
-1.0,1.0,21.1,19.9,2.0
-1.0,1.0,19.2,18.8,2.0
-1.0,1.0,19.2,18.1,2.0
-1.0,1.0,17.4,17.1,2.0
-2.0,0.0,15.9,15.9,1.0
-2.0,1.0,15.9,15.7,2.0
-2.0,1.0,15.9,15.2,2.0
-2.0,1.0,14.5,14.1,2.0
-2.0,1.0,14.5,13.3,2.0
-3.0,1.0,13.2,12.2,2.0
-3.0,1.0,12.0,11.1,2.0
-4.0,0.0,11.0,10.4,1.0
-4.0,1.0,11.0,9.9,2.0
-4.0,0.0,10.0,9.0,1.0
-4.0,1.0,10.0,8.9,2.0
-4.0,1.0,9.2,8.3,2.0
-5.0,1.0,7.7,7.3,2.0
-6.0,1.0,7.7,6.9,2.0
-7.0,1.0,7.0,6.3,2.0
-8.0,0.0,6.5,5.7,1.0
-8.0,1.0,6.5,5.6,2.0
-8.0,1.0,6.0,5.2,2.0
-9.0,301.5,301.5,5.0,1.0
301.5,301.5,301.5,301.5,1.0
301.5,301.5,301.5,301.5,1.0
301.5,301.5,301.5,301.5,1.0
28.0,29.0,50.4,102.5,1.0
2.0,3.0,50.4,102.5,1.0
0.0,1.0,50.4,102.5,2.0
0.0,1.0,50.4,101.5,2.0
0.0,1.0,50.4,100.5,2.0
0.0,1.0,45.7,99.5,2.0
0.0,1.0,45.7,98.5,2.0
0.0,1.0,45.7,97.5,2.0
0.0,1.0,45.7,96.6,2.0
0.0,1.0,45.7,95.6,2.0
0.0,1.0,41.4,94.7,2.0
0.0,1.0,41.4,93.8,2.0
0.0,1.0,41.4,92.8,2.0
0.0,1.0,37.6,91.9,2.0
0.0,1.0,37.6,91.0,2.0
0.0,1.0,37.6,90.1,2.0
0.0,1.0,37.6,89.2,2.0
0.0,1.0,34.1,88.4,2.0
0.0,1.0,34.1,87.5,2.0
0.0,1.0,34.1,85.8,2.0
0.0,1.0,34.1,85.8,2.0
0.0,1.0,31.0,84.1,2.0
0.0,1.0,31.0,83.3,2.0
0.0,1.0,31.0,82.5,2.0
0.0,1.0,28.1,81.6,2.0
0.0,1.0,28.1,80.0,2.0
0.0,0.0,28.1,79.3,1.0
0.0,1.0,25.5,79.3,2.0
0.0,1.0,25.5,77.7,2.0
0.0,1.0,25.5,76.9,2.0
0.0,1.0,23.2,76.2,2.0
0.0,1.0,23.2,75.4,2.0
0.0,1.0,23.2,74.7,2.0
0.0,1.0,21.1,74.0,2.0
0.0,2.0,21.1,74.0,1.0
-1.0,0.0,21.1,74.0,1.0
0.0,2.0,21.1,74.0,1.0
-1.0,0.0,21.1,74.0,1.0
0.0,1.0,21.1,74.0,2.0
0.0,1.0,21.1,73.2,2.0
0.0,1.0,19.2,71.8,2.0
0.0,1.0,19.2,71.1,2.0
0.0,2.0,17.4,70.4,1.0
0.0,1.0,17.4,69.7,2.0
0.0,1.0,17.4,69.0,2.0
0.0,1.0,15.9,68.4,2.0
0.0,2.0,14.5,67.0,1.0
-1.0,1.0,14.5,67.0,2.0
-1.0,1.0,13.2,66.4,2.0
-1.0,1.0,12.0,65.1,2.0
-1.0,1.0,12.0,64.4,2.0
-1.0,1.0,11.0,63.2,2.0
-1.0,2.0,9.2,61.9,1.0
-2.0,1.0,9.2,61.9,2.0
-2.0,1.0,9.2,61.3,2.0
-2.0,1.0,7.7,60.1,2.0
-2.0,1.0,7.7,60.1,2.0
-2.0,2.0,7.0,59.6,1.0
-3.0,1.0,7.0,59.6,2.0
-3.0,1.0,6.5,59.0,2.0
-3.0,2.0,6.5,59.0,1.0
-3.0,2.0,6.5,59.0,1.0
-5.0,1.0,6.5,59.0,2.0
-5.0,1.0,6.0,58.4,2.0
-5.0,1.0,5.5,57.8,2.0
-5.0,1.0,5.1,57.8,2.0
-5.0,1.0,4.7,57.3,2.0
-5.0,1.0,4.7,57.3,2.0
-5.0,2.0,4.3,56.7,1.0
-6.0,1.0,4.3,56.7,2.0
-6.0,2.0,4.3,56.7,1.0
-7.0,1.0,4.3,56.7,2.0
-7.0,1.0,4.0,56.7,2.0
-7.0,2.0,3.7,56.1,1.0
-8.0,1.0,3.7,56.1,2.0
-8.0,2.0,3.7,56.1,1.0
-9.0,2.0,3.7,56.1,1.0
-10.0,1.0,3.7,56.1,2.0
-10.0,1.0,3.5,56.1,2.0
-10.0,1.0,3.2,55.6,2.0
-10.0,2.0,3.2,55.6,1.0
-11.0,2.0,3.2,55.6,1.0
-11.0,1.0,3.2,55.6,2.0
-11.0,1.0,3.0,55.6,2.0
-11.0,2.0,3.0,55.6,1.0
-12.0,1.0,3.0,55.6,2.0
-12.0,1.0,2.8,55.1,2.0
-12.0,-5.0,4.7,55.1,1.0
-6.0,-4.0,11.0,55.1,1.0
-1.0,1.0,10.0,55.1,2.0
-1.0,1.0,8.4,54.5,2.0
-1.0,1.0,6.5,54.5,2.0
-1.0,1.0,6.0,54.0,2.0
-1.0,0.0,4.7,53.5,1.0
0.0,1.0,3.7,53.5,2.0
0.0,0.0,3.2,53.5,1.0
1.0,-1.0,2.8,53.5,1.0
3.0,-4.0,2.1,53.5,1.0
8.0,-2.0,1.9,53.5,3.0
8.0,4.0,3.7,53.5,1.0
5.0,3.0,7.7,53.5,1.0
3.0,1.0,5.1,53.5,2.0
3.0,164.0,1.9,52.9,3.0
3.0,5.0,6.0,52.9,1.0
-1.0,1.0,8.4,52.9,2.0
-1.0,-1.0,13.2,52.4,1.0
1.0,0.0,19.2,51.9,1.0
2.0,0.0,21.1,51.9,1.0
3.0,1.0,25.5,51.9,2.0
3.0,2.0,28.1,51.4,1.0
2.0,2.0,31.0,51.4,1.0
1.0,1.0,31.0,51.4,2.0
1.0,1.0,34.1,50.4,2.0
1.0,1.0,34.1,49.4,2.0
1.0,1.0,34.1,48.5,2.0
1.0,1.0,37.6,47.5,2.0
1.0,1.0,37.6,46.6,2.0
1.0,2.0,37.6,45.7,1.0
1.0,1.0,37.6,45.3,2.0
1.0,2.0,37.6,44.8,1.0
0.0,1.0,37.6,44.4,2.0
0.0,1.0,37.6,43.5,2.0
0.0,1.0,37.6,42.7,2.0
0.0,2.0,37.6,41.9,1.0
-1.0,1.0,37.6,41.0,2.0
-1.0,1.0,37.6,40.6,2.0
-1.0,1.0,37.6,39.5,2.0
-1.0,1.0,37.6,38.3,2.0
-1.0,1.0,37.6,37.6,2.0
-1.0,2.0,34.1,36.5,1.0
-1.0,1.0,34.1,36.2,2.0
-1.0,1.0,34.1,35.5,2.0
-2.0,1.0,34.1,34.4,2.0
-2.0,1.0,34.1,33.5,2.0
-2.0,1.0,34.1,32.5,2.0
-2.0,1.0,31.0,31.6,2.0
-2.0,1.0,31.0,30.7,2.0
-2.0,1.0,31.0,30.1,2.0
-2.0,1.0,31.0,29.5,2.0
-2.0,1.0,28.1,28.9,2.0
-2.0,1.0,28.1,28.4,2.0
-2.0,2.0,28.1,28.1,1.0
-3.0,1.0,28.1,28.1,2.0
-3.0,1.0,28.1,27.6,2.0
-3.0,1.0,25.5,26.5,2.0
-3.0,1.0,25.5,25.3,2.0
-3.0,1.0,25.5,24.8,2.0
-3.0,1.0,25.5,24.1,2.0
-3.0,1.0,23.2,23.6,2.0
-3.0,1.0,23.2,23.0,2.0
-4.0,1.0,23.2,22.3,2.0
-4.0,1.0,21.1,21.1,2.0
-4.0,1.0,21.1,20.3,2.0
-4.0,0.0,19.2,19.4,1.0
-4.0,1.0,19.2,19.0,2.0
-4.0,1.0,19.2,18.3,2.0
-4.0,1.0,17.4,17.4,2.0
-4.0,1.0,15.9,16.0,2.0
-5.0,1.0,15.9,15.3,2.0
-5.0,1.0,14.5,14.3,2.0
-11.0,301.5,301.5,57.3,1.0
-36.0,301.5,301.5,57.8,1.0
301.5,301.5,301.5,301.5,1.0
301.5,301.5,301.5,301.5,1.0
38.0,301.5,301.5,50.9,1.0
-6.0,301.5,301.5,50.9,1.0
301.5,301.5,301.5,301.5,1.0
301.5,15.0,10.0,301.5,1.0
301.5,0.0,10.0,301.5,1.0
301.5,1.0,10.0,301.5,2.0
301.5,1.0,10.0,301.5,2.0
301.5,1.0,10.0,301.5,2.0
301.5,1.0,10.0,301.5,2.0
301.5,1.0,10.0,301.5,2.0
301.5,2.0,10.0,301.5,1.0
301.5,1.0,10.0,301.5,2.0
301.5,1.0,10.0,301.5,2.0
301.5,1.0,10.0,301.5,2.0
301.5,1.0,10.0,301.5,2.0
301.5,1.0,10.0,301.5,2.0
301.5,1.0,10.0,301.5,2.0
301.5,1.0,10.0,301.5,2.0
301.5,1.0,10.0,301.5,2.0
301.5,2.0,10.0,301.5,1.0
301.5,1.0,10.0,301.5,2.0
301.5,0.0,10.0,301.5,1.0
301.5,1.0,10.0,301.5,2.0
301.5,1.0,10.0,301.5,2.0
301.5,1.0,10.0,301.5,2.0
301.5,1.0,10.0,301.5,2.0
301.5,2.0,10.0,301.5,1.0
301.5,1.0,10.0,301.5,2.0
301.5,1.0,10.0,301.5,2.0
301.5,1.0,10.0,301.5,2.0
301.5,1.0,10.0,301.5,2.0
301.5,1.0,10.0,301.5,2.0
301.5,0.0,10.0,301.5,1.0
301.5,1.0,10.0,301.5,2.0
301.5,1.0,10.0,301.5,2.0
301.5,0.0,10.0,301.5,1.0
301.5,1.0,10.0,301.5,2.0
301.5,1.0,10.0,301.5,2.0
301.5,1.0,10.0,301.5,2.0
301.5,1.0,10.0,301.5,2.0
301.5,1.0,10.0,301.5,2.0
301.5,1.0,10.0,301.5,2.0
301.5,1.0,10.0,301.5,2.0
301.5,1.0,10.0,301.5,2.0
301.5,1.0,10.0,301.5,2.0
301.5,1.0,10.0,301.5,2.0
301.5,1.0,10.0,301.5,2.0
301.5,1.0,10.0,301.5,2.0
301.5,1.0,10.0,301.5,2.0
301.5,1.0,10.0,301.5,2.0
301.5,0.0,10.0,301.5,1.0
301.5,1.0,10.0,301.5,2.0
301.5,1.0,10.0,301.5,2.0
301.5,1.0,10.0,301.5,2.0
301.5,2.0,10.0,301.5,1.0
301.5,1.0,10.0,301.5,2.0
301.5,1.0,10.0,301.5,2.0
301.5,1.0,10.0,301.5,2.0
301.5,1.0,10.0,301.5,2.0
301.5,1.0,10.0,301.5,2.0
301.5,1.0,10.0,301.5,2.0
301.5,1.0,10.0,301.5,2.0
301.5,1.0,10.0,301.5,2.0
301.5,1.0,10.0,301.5,2.0
301.5,1.0,10.0,301.5,2.0
301.5,1.0,10.0,301.5,2.0
301.5,0.0,10.0,301.5,1.0
301.5,1.0,10.0,301.5,2.0
301.5,1.0,10.0,301.5,2.0
301.5,1.0,10.0,301.5,2.0
301.5,-27.0,9.2,301.5,1.0
301.5,-19.0,9.2,301.5,1.0
301.5,-20.0,11.0,301.5,1.0
-40.0,-17.0,14.5,50.9,1.0
-21.0,-2.0,15.9,50.9,1.0
-18.0,-4.0,17.4,50.9,1.0
-13.0,-3.0,21.1,50.9,1.0
-9.0,0.0,21.1,50.9,1.0
-8.0,-1.0,23.2,50.9,1.0
-7.0,-2.0,25.5,50.9,1.0
-4.0,1.0,25.5,50.9,2.0
-4.0,0.0,25.5,50.4,1.0
-3.0,-1.0,28.1,50.4,1.0
-1.0,1.0,28.1,50.4,2.0
-1.0,0.0,28.1,49.4,1.0
-1.0,0.0,28.1,48.9,1.0
0.0,1.0,28.1,48.9,2.0
0.0,1.0,28.1,48.5,2.0
0.0,0.0,28.1,47.5,1.0
1.0,1.0,28.1,47.1,2.0
1.0,0.0,28.1,46.6,1.0
1.0,1.0,28.1,46.2,2.0
1.0,1.0,28.1,45.7,2.0
1.0,1.0,28.1,44.4,2.0
1.0,0.0,28.1,43.1,1.0
2.0,1.0,28.1,43.1,2.0
2.0,1.0,25.5,42.7,2.0
3.0,1.0,25.5,41.9,2.0
3.0,1.0,25.5,41.0,2.0
3.0,1.0,25.5,40.6,2.0
3.0,0.0,23.2,39.5,1.0
3.0,1.0,23.2,39.1,2.0
3.0,1.0,23.2,38.7,2.0
3.0,1.0,21.1,37.2,2.0
3.0,1.0,21.1,36.5,2.0
4.0,1.0,21.1,35.5,2.0
4.0,1.0,19.2,34.1,2.0
4.0,1.0,19.2,33.5,2.0
4.0,1.0,17.4,32.5,2.0
4.0,1.0,15.9,31.3,2.0
4.0,1.0,15.9,30.4,2.0
4.0,1.0,14.5,29.5,2.0
4.0,0.0,13.2,28.1,1.0
5.0,1.0,13.2,28.1,2.0
5.0,1.0,13.2,27.3,2.0
5.0,0.0,11.0,26.3,1.0
6.0,0.0,11.0,26.0,1.0
7.0,1.0,11.0,26.0,2.0
7.0,1.0,11.0,25.3,2.0
7.0,1.0,10.0,24.6,2.0
7.0,2.0,9.2,23.6,1.0
7.0,1.0,8.4,23.2,2.0
7.0,1.0,7.7,22.8,2.0
7.0,1.0,7.7,22.1,2.0
7.0,2.0,6.5,21.3,1.0
7.0,1.0,6.5,21.1,2.0
7.0,1.0,6.0,20.7,2.0
7.0,0.0,5.5,20.1,1.0
8.0,1.0,5.5,20.1,2.0
8.0,1.0,5.1,19.7,2.0
8.0,1.0,4.7,19.4,2.0
8.0,1.0,4.3,19.0,2.0
8.0,1.0,4.0,18.6,2.0
8.0,1.0,3.7,18.3,2.0
8.0,1.0,3.5,18.1,2.0
9.0,1.0,3.2,17.9,2.0
9.0,2.0,3.2,17.9,1.0
8.0,1.0,3.2,17.9,2.0
8.0,1.0,3.0,17.8,2.0
8.0,2.0,3.0,17.6,1.0
7.0,1.0,3.0,17.6,2.0
7.0,1.0,2.8,17.4,2.0
7.0,2.0,2.8,17.4,1.0
6.0,1.0,2.6,17.4,2.0
6.0,1.0,2.6,17.3,2.0
6.0,2.0,2.5,17.1,1.0
5.0,1.0,2.5,17.1,2.0
5.0,1.0,2.3,17.1,2.0
5.0,2.0,2.3,17.0,1.0
4.0,1.0,2.3,17.0,2.0
5.0,2.0,2.2,17.0,1.0
4.0,1.0,2.2,16.8,2.0
4.0,1.0,2.1,16.8,2.0
4.0,0.0,2.0,16.6,1.0
-35.0,-38.0,2.0,16.6,1.0
301.5,-76.0,2.0,301.5,1.0
301.5,-114.0,2.0,301.5,1.0
12.0,-155.0,1.9,91.0,3.0
12.0,-37.0,1.8,91.0,3.0
12.0,-37.0,1.8,91.0,3.0
12.0,-37.0,1.8,91.0,3.0
12.0,-37.0,1.8,91.0,3.0
12.0,-37.0,1.8,91.0,3.0
12.0,-36.0,1.8,91.0,3.0
12.0,-36.0,1.8,91.0,3.0
12.0,-36.0,1.8,91.0,3.0
12.0,-36.0,1.8,91.0,3.0
12.0,-36.0,1.8,91.0,3.0
12.0,-36.0,1.8,91.0,3.0
12.0,-36.0,1.8,91.0,3.0
12.0,-36.0,1.8,91.0,3.0
12.0,-36.0,1.8,91.0,3.0
12.0,-36.0,1.8,91.0,3.0
12.0,-36.0,1.8,91.0,3.0
12.0,-36.0,1.8,91.0,3.0
12.0,4.0,7.0,91.0,1.0
9.0,3.0,13.2,91.0,1.0
7.0,1.0,15.9,91.0,2.0
7.0,1.0,19.2,90.1,2.0
7.0,2.0,23.2,90.1,1.0
6.0,1.0,25.5,90.1,2.0
6.0,1.0,28.1,89.2,2.0
6.0,1.0,31.0,89.2,2.0
7.0,2.0,31.0,88.4,1.0
5.0,1.0,31.0,88.4,2.0
5.0,0.0,34.1,87.5,1.0
6.0,1.0,34.1,87.5,2.0
6.0,1.0,34.1,86.6,2.0
6.0,1.0,34.1,85.8,2.0
6.0,1.0,34.1,84.9,2.0
6.0,1.0,34.1,84.1,2.0
6.0,1.0,34.1,82.5,2.0
7.0,1.0,34.1,81.6,2.0
7.0,1.0,34.1,80.8,2.0
7.0,1.0,34.1,79.3,2.0
7.0,1.0,34.1,79.3,2.0
7.0,1.0,34.1,77.7,2.0
7.0,1.0,34.1,76.9,2.0
7.0,1.0,31.0,76.9,2.0
7.0,1.0,31.0,76.2,2.0
7.0,1.0,31.0,74.7,2.0
7.0,1.0,31.0,74.7,2.0
7.0,1.0,31.0,73.2,2.0
7.0,0.0,28.1,71.8,1.0
8.0,1.0,28.1,71.8,2.0
8.0,1.0,28.1,71.1,2.0
8.0,1.0,28.1,69.7,2.0
8.0,1.0,28.1,69.0,2.0
8.0,1.0,25.5,68.4,2.0
8.0,1.0,25.5,67.0,2.0
8.0,1.0,23.2,66.4,2.0
8.0,1.0,23.2,65.1,2.0
9.0,1.0,23.2,63.8,2.0
9.0,1.0,21.1,63.2,2.0
9.0,1.0,21.1,62.6,2.0
9.0,0.0,19.2,60.7,1.0
10.0,1.0,19.2,60.7,2.0
10.0,1.0,19.2,60.1,2.0
10.0,1.0,17.4,59.0,2.0
10.0,1.0,17.4,58.4,2.0
10.0,1.0,15.9,57.3,2.0
10.0,1.0,14.5,56.1,2.0
10.0,1.0,14.5,55.6,2.0
10.0,1.0,13.2,54.5,2.0
11.0,1.0,12.0,53.5,2.0
11.0,1.0,11.0,52.9,2.0
11.0,1.0,11.0,51.9,2.0
11.0,0.0,10.0,51.4,1.0
12.0,1.0,10.0,51.4,2.0
12.0,1.0,9.2,50.9,2.0
12.0,0.0,9.2,50.4,1.0
13.0,2.0,8.4,49.9,1.0
12.0,0.0,8.4,49.9,1.0
13.0,1.0,8.4,49.9,2.0
13.0,1.0,8.4,49.4,2.0
13.0,1.0,7.7,48.9,2.0
13.0,1.0,6.5,48.0,2.0
13.0,1.0,6.5,47.5,2.0
14.0,1.0,5.5,47.1,2.0
14.0,1.0,5.5,46.6,2.0
14.0,0.0,5.1,46.6,1.0
15.0,1.0,5.1,46.6,2.0
15.0,0.0,5.1,46.6,1.0
16.0,1.0,5.1,46.6,2.0
16.0,1.0,4.7,46.2,2.0
16.0,1.0,4.3,45.7,2.0
16.0,0.0,4.3,45.7,1.0
17.0,1.0,4.3,45.7,2.0
17.0,1.0,4.0,45.3,2.0
17.0,1.0,3.7,45.3,2.0
17.0,0.0,3.7,44.8,1.0
18.0,1.0,3.7,44.8,2.0
18.0,0.0,3.5,44.8,1.0
19.0,1.0,3.5,44.8,2.0
19.0,0.0,3.5,44.8,1.0
20.0,1.0,3.5,44.8,2.0
20.0,1.0,3.2,44.8,2.0
20.0,1.0,3.2,44.4,2.0
20.0,0.0,3.0,44.4,1.0
21.0,1.0,3.0,44.4,2.0
21.0,1.0,3.0,44.4,2.0
21.0,0.0,2.8,44.4,1.0
22.0,1.0,2.8,44.4,2.0
22.0,1.0,2.8,44.4,2.0
22.0,0.0,2.6,43.9,1.0
23.0,1.0,2.6,43.9,2.0
23.0,-149.0,3.2,43.9,1.0
-8.0,2.0,3.7,63.2,1.0
-2.0,301.5,301.5,67.0,1.0
-43.0,301.5,301.5,54.0,1.0
301.5,301.5,301.5,301.5,1.0
301.5,12.0,13.2,301.5,1.0
38.0,1.0,13.2,53.5,2.0
39.0,1.0,13.2,52.9,2.0
39.0,1.0,12.0,52.4,2.0
40.0,1.0,11.0,51.4,2.0
40.0,1.0,10.0,50.9,2.0
40.0,1.0,10.0,50.9,2.0
40.0,1.0,10.0,50.9,2.0
40.0,1.0,10.0,50.9,2.0
40.0,1.0,10.0,50.9,2.0
40.0,1.0,10.0,50.9,2.0
40.0,1.0,10.0,50.9,2.0
41.0,-26.0,7.7,50.9,1.0
301.5,-37.0,6.5,301.5,1.0
301.5,9.0,6.5,301.5,1.0
301.5,18.0,6.0,301.5,1.0
301.5,22.0,6.5,301.5,1.0
301.5,4.0,7.0,301.5,1.0
45.0,-7.0,6.5,50.4,1.0
301.5,301.5,301.5,301.5,1.0
16.0,301.5,301.5,50.4,1.0
-27.0,301.5,301.5,50.4,1.0
301.5,301.5,301.5,301.5,1.0
301.5,301.5,301.5,301.5,1.0
